2.6242248069330736e-07 [[(-37.747952864132394, -23.817175629132535, -10, 10), 7.441298980748514, 1.98, (40.59544336073749, -24.260744016392298, -10, 10), -36.96018472617514], [(1e-05, 10, 0, -10, 10), 1.69, [-100, 100]]]
7.684640367917087e-06 [[(-45.522418824840486, -24.817981194587567, -10, 10), 7.96951230264524, 1.98, (43.310773840433626, -29.62359303290173, -10, 10), -38.97675097850183], [(1e-05, 10, 0, -10, 10), 1.69, [-100, 100]]]
1.3972316575782745e-05 [[(-39.37301639352133, 19.925429136293015, -10, 10), 6.886847238262703, 1.98, (39.391316579345926, 36.80127811221154, -10, 10), -38.730369870960345], [(1e-05, 10, 0, -10, 10), 1.69, [-100, 100]]]
0.00019641909899730645 [[(-33.027975222214856, -21.867839641799968, -10, 10), 8.115810662304249, 1.98, (20.27965884639177, 16.102579772051406, -10, 10), -31.2544399118226], [(1e-05, 10, 0, -10, 10), 1.69, [-100, 100]]]
0.0003110383486555227 [[(-27.435091947753243, 17.857589107572746, -10, 10), 8.847612478418938, 1.98, (27.130579831137435, 20.708038607851865, -10, 10), -30.242268202687516], [(1e-05, 10, 0, -10, 10), 1.69, [-100, 100]]]
0.00037578927988805334 [[(-27.483020847159345, -17.174363639010892, -10, 10), 8.320984300624179, 1.98, (21.129567016723737, 20.073916712670105, -10, 10), -32.153503873007615], [(1e-05, 10, 0, -10, 10), 1.69, [-100, 100]]]
0.0004236650356832862 [[(-36.18282132884855, -18.82978677791004, -10, 10), 7.4587895985121495, 1.98, (23.18927094344837, -29.421540396037305, -10, 10), -39.695384967693236], [(1e-05, 10, 0, -10, 10), 1.69, [-100, 100]]]
0.0015526399468323803 [[(-44.45921491798083, 34.666527445025594, -10, 10), 6.691427470251159, 1.98, (37.65351950587774, -21.491282545481326, -10, 10), -38.36747163686325], [(1e-05, 10, 0, -10, 10), 1.69, [-100, 100]]]
0.0036114834552377797 [[(-5.31136984701559, 13.11189927255716, -10, 10), 9.36705656947922, 1.98, (41.744874085391004, -20.40004890246475, -10, 10), -37.95708018063378], [(1e-05, 10, 0, -10, 10), 1.69, [-100, 100]]]
0.004326231798466023 [[(-47.3780906683089, 18.63956281867216, -10, 10), 9.968257096396387, 1.98, (11.074102038878241, -23.425562933435806, -10, 10), -30.120265713497197], [(1e-05, 10, 0, -10, 10), 1.69, [-100, 100]]]
0.00555594115761624 [[(-12.790682081421355, 11.967268689974976, -10, 10), 8.640936764415017, 1.98, (23.51300561337971, -22.70725604899102, -10, 10), -29.247981448685106], [(1e-05, 10, 0, -10, 10), 1.69, [-100, 100]]]
0.008283692970098075 [[(-33.62105454616165, 26.67800978895123, -10, 10), 9.026289167698202, 1.98, (20.288614455951446, 14.948637809145682, -10, 10), -34.901515729670464], [(1e-05, 10, 0, -10, 10), 1.69, [-100, 100]]]
0.008299719285579854 [[(-24.651792189416632, 19.854557765727765, -10, 10), 9.342370457798294, 1.98, (37.167844238481266, -23.31199332205899, -10, 10), -32.66092706381124], [(1e-05, 10, 0, -10, 10), 1.69, [-100, 100]]]
0.011923117342674344 [[(-40.181661142144634, 41.30162543342371, -10, 10), 9.184568001806985, 1.98, (39.26984421903165, -21.41054158104021, -10, 10), -39.12308698520825], [(1e-05, 10, 0, -10, 10), 1.69, [-100, 100]]]
0.015215476556142022 [[(-47.40114461675336, 25.561872318928025, -10, 10), 7.68776157260058, 1.98, (33.14448465116111, 30.287592536078513, -10, 10), -38.6344270679264], [(1e-05, 10, 0, -10, 10), 1.69, [-100, 100]]]
0.01753053559968017 [[(-41.16326117565787, 23.58856276356778, -10, 10), 9.373854564121329, 1.98, (17.1908257567323, -15.24544577367215, -10, 10), -36.481634484432405], [(1e-05, 10, 0, -10, 10), 1.69, [-100, 100]]]
0.01898943345598711 [[(-22.49867858745941, 24.2824250087727, -10, 10), 8.481644373853852, 1.98, (40.28232086483074, -21.19202875796271, -10, 10), -38.32232406718771], [(1e-05, 10, 0, -10, 10), 1.69, [-100, 100]]]
0.019348233061266238 [[(-46.90716051366412, -26.86967546188971, -10, 10), 6.167115807763015, 1.98, (45.78989455480983, 31.30653238305021, -10, 10), -36.146884331464186], [(1e-05, 10, 0, -10, 10), 1.69, [-100, 100]]]
0.020024195435305314 [[(-9.690101009485419, -10.278922663091617, -10, 10), 8.285282959208049, 1.98, (-0.18527347397416793, 33.65859108876723, -10, 10), -39.13125866957954], [(1e-05, 10, 0, -10, 10), 1.69, [-100, 100]]]
0.021128704280142734 [[(-12.628046176206443, 12.460082896914015, -10, 10), 9.258729858706472, 1.98, (29.400921797107358, -22.535205295277592, -10, 10), -27.14882670400338], [(1e-05, 10, 0, -10, 10), 1.69, [-100, 100]]]
