0.632199839359897 [[(-19.236646120614587, 23.30334070475718, -10, 10), 6.726269407632834, 1.98, (-18.507457160998175, -28.603647672731512, -10, 10), -30.38351985770642], [(29.929295221520704, 35.133897665588364, -10, 10), 7.203425706753441, 1.98, (26.76087967192674, -26.504298559519224, -10, 10), -39.85812146751636], [(-10.371630849039349, 40.02462493322669, -10, 10), 4.502913616237585, 1.98, (23.829556151864907, 44.00219042134436, -10, 10), -20.929466733129527], [(1e-05, 10, 0, -10, 10), 1.69, [-100, 100]]]
0.9134432551532978 [[(3.1008037928901833, 21.024099017737207, -10, 10), 0.9532577594903646, 1.98, (2.3899773734495144, 24.42445719919437, -10, 10), -18.658126065058795], [(30.382275310654638, -31.931036022778446, -10, 10), 1.723520076396381, 1.98, (0.8715518066843786, -49.86518882599673, -10, 10), -5.385389178423274], [(16.890953350310355, 24.535271514326595, -10, 10), 3.7278978781707095, 1.98, (-21.628882576237963, 23.449150781569507, -10, 10), -38.43838665215202], [(1e-05, 10, 0, -10, 10), 1.69, [-100, 100]]]
0.7411440176604638 [[(-14.64853042122285, 38.61723125915244, -10, 10), 0.3094216909994363, 1.98, (-23.1033208365806, -46.862950944412574, -10, 10), -34.31495897468865], [(-16.72124432868919, -22.24151042763105, -10, 10), 1.70528076326117, 1.98, (-17.241697666869904, 19.404680804794804, -10, 10), -23.735949941085277], [(35.10153752525497, -36.93142730983997, -10, 10), 0.9997178234034343, 1.98, (-4.009180838660786, -12.957128774355041, -10, 10), -11.144801826960453], [(1e-05, 10, 0, -10, 10), 1.69, [-100, 100]]]
0.9092075806581427 [[(-5.897363445685089, 42.80327868778898, -10, 10), 5.359938596046083, 1.98, (39.28265889361069, 36.22213659825751, -10, 10), -7.820812449834561], [(36.60584574902307, -15.329686951018239, -10, 10), 6.585692088348544, 1.98, (-39.89161429801852, 20.209251735525726, -10, 10), -36.239844651094174], [(1.6540965116280337, 17.061464993877294, -10, 10), 2.6810111146309845, 1.98, (12.58593568232943, 24.746287153731483, -10, 10), -18.842161646781875], [(1e-05, 10, 0, -10, 10), 1.69, [-100, 100]]]
0.9473383648714465 [[(29.84039572348146, 37.0716373104787, -10, 10), 1.9146492441089369, 1.98, (7.9153628271730785, 20.46513370221138, -10, 10), -17.35387301117045], [(18.503094342645156, -33.381787913597904, -10, 10), 9.636444008721327, 1.98, (-1.5045899370279114, 19.814662896212376, -10, 10), -37.07011666401068], [(31.071238548833634, 27.8736711661584, -10, 10), 3.648682376725614, 1.98, (31.653720713138444, -32.36355586040355, -10, 10), -26.252883411118912], [(1e-05, 10, 0, -10, 10), 1.69, [-100, 100]]]
0.0044706423011040075 [[(-42.86444817643063, -31.273437427514406, -10, 10), 8.0958038180887, 1.98, (45.02130043983358, -27.281821020407804, -10, 10), -36.241831341747144], [(-1.5117533572244435, -46.5658355383732, -10, 10), 3.703176721196537, 1.98, (45.17197399001096, -44.492353591840214, -10, 10), -21.639829604273444], [(-48.50046220043194, 29.604099945281202, -10, 10), 8.769180369622646, 1.98, (44.83453434333916, 27.672548592176284, -10, 10), -10.605173998609763], [(1e-05, 10, 0, -10, 10), 1.69, [-100, 100]]]
0.011026894529071653 [[(-15.928707739520542, -11.074272962826281, -10, 10), 8.718645376866085, 1.98, (-25.714071743992772, -47.62926733394147, -10, 10), -5.524557427276987], [(-40.7923074012038, -47.96339927453263, -10, 10), 5.595999078850524, 1.98, (-14.91727718183251, 41.37006947024721, -10, 10), -19.617516349590282], [(-15.496678019535814, -14.180500337110002, -10, 10), 9.308816185609668, 1.98, (39.07789450742764, -29.58119628149354, -10, 10), -37.64599065711805], [(1e-05, 10, 0, -10, 10), 1.69, [-100, 100]]]
0.0415245848618983 [[(-40.53271236012551, -19.36648701477838, -10, 10), 9.985996833360309, 1.98, (3.5950333509589316, -25.49005940176, -10, 10), -39.90818516780656], [(-19.252867224372206, -27.90946856927802, -10, 10), 2.68451768815529, 1.98, (35.67152909481213, -42.88285331304474, -10, 10), -12.639430809680395], [(14.084064416096542, -47.07032954194674, -10, 10), 6.115361530884995, 1.98, (9.7180003017311, 19.298051802307015, -10, 10), -21.218048558916202], [(1e-05, 10, 0, -10, 10), 1.69, [-100, 100]]]
0.10152691593740899 [[(16.588696745440778, 14.58301342131908, -10, 10), 1.132724105510019, 1.98, (24.61508835103401, -19.42834139324827, -10, 10), -30.985452124465017], [(-17.376441571640523, 40.088729104800294, -10, 10), 5.935508813202794, 1.98, (34.762482893462675, -22.190462887034666, -10, 10), -39.92564068536017], [(-39.37870007612976, -18.25119773115953, -10, 10), 7.599833977989738, 1.98, (-41.042597740850596, -27.078703257667314, -10, 10), -12.532246343028048], [(1e-05, 10, 0, -10, 10), 1.69, [-100, 100]]]
0.11263413451911218 [[(-10.330376956556808, -38.45176570575405, -10, 10), 9.775999371172542, 1.98, (36.633372214796246, -18.273834867538042, -10, 10), -31.661721066782167], [(-16.80625580008187, -23.876015546392328, -10, 10), 3.929833361709516, 1.98, (-8.632983127191574, 46.511733543146896, -10, 10), -21.073449258834607], [(34.21289146559706, -33.26470045838563, -10, 10), 3.328311952150167, 1.98, (13.371955466989949, 46.75605985147925, -10, 10), -9.559580597996424], [(1e-05, 10, 0, -10, 10), 1.69, [-100, 100]]]
0.12914953760618741 [[(2.9934509356127847, -43.47374488319865, -10, 10), 5.873151185268963, 1.98, (23.241203456522975, 16.632640017901, -10, 10), -34.0735519305597], [(23.531392182993947, -18.79598759023986, -10, 10), 7.985547869464251, 1.98, (20.092292696662874, -46.3818976541858, -10, 10), -7.825468715442296], [(-31.201237612633914, -43.76663828253077, -10, 10), 2.0178068965344864, 1.98, (32.064948716609976, -38.58821851537672, -10, 10), -25.742296710494227], [(1e-05, 10, 0, -10, 10), 1.69, [-100, 100]]]
0.13623498491632177 [[(-22.0805774424658, 37.95788549689897, -10, 10), 2.9594322399570716, 1.98, (16.776247123813558, -26.812880870148838, -10, 10), -3.004274517470819], [(-13.894883767536259, 26.318160522120593, -10, 10), 9.232245268261972, 1.98, (6.797409320684833, -11.986072486038458, -10, 10), -39.854114278035844], [(-35.62681188327701, -34.64162664210484, -10, 10), 7.728805735036614, 1.98, (9.05943266002951, 25.107384595442582, -10, 10), -16.390054520179582], [(1e-05, 10, 0, -10, 10), 1.69, [-100, 100]]]
0.1754908927302623 [[(-32.84935035194457, -17.411958793030458, -10, 10), 7.970381392200858, 1.98, (8.648193785110248, 20.172992504412836, -10, 10), -37.58821545759866], [(38.17850640647266, -13.265133658778938, -10, 10), 1.6701576688243924, 1.98, (37.6823018724965, 25.612044552806303, -10, 10), -15.018722581803218], [(-44.63181558352565, -42.03166828243611, -10, 10), 2.2233492418001677, 1.98, (-22.039023736062568, -38.52520870653535, -10, 10), -9.899942758292669], [(1e-05, 10, 0, -10, 10), 1.69, [-100, 100]]]
0.3216808445183427 [[(15.139988116058166, -34.61354209025666, -10, 10), 9.215348837580864, 1.98, (12.275978337738458, -11.705270503721387, -10, 10), -32.824970130848506], [(-1.3722762490065876, -12.83948696449536, -10, 10), 0.79190855405181, 1.98, (-4.219853994760925, 47.98824073618205, -10, 10), -2.634331675827773], [(0.17201575005769687, -39.02955616538998, -10, 10), 4.767789080701855, 1.98, (4.4143138215657185, 39.52759954688183, -10, 10), -18.161032802487412], [(1e-05, 10, 0, -10, 10), 1.69, [-100, 100]]]
0.3447518022931818 [[(12.200258670860931, -49.83913423388764, -10, 10), 4.583213855518638, 1.98, (-6.655105282773654, -27.286719817315475, -10, 10), -25.161395205994676], [(-6.1573857972356265, 10.711762765148114, -10, 10), 7.988451692220568, 1.98, (-1.6100448229483866, 18.81902013993769, -10, 10), -38.79048533937092], [(4.881985068429328, 43.278550000978214, -10, 10), 6.570556401038335, 1.98, (10.862363889151784, -41.34350872106561, -10, 10), -13.468440679186994], [(1e-05, 10, 0, -10, 10), 1.69, [-100, 100]]]
0.3541352133427012 [[(-34.561581500504666, 46.94401448510283, -10, 10), 1.7590134919511557, 1.98, (10.346291891254122, -23.76709467337127, -10, 10), -34.95195049564328], [(29.605420164954666, -16.54603084353523, -10, 10), 2.1787776219692745, 1.98, (27.762576418985894, -46.652914665039624, -10, 10), -12.439102219470602], [(-45.829280250586756, 21.548183709195435, -10, 10), 6.129622803554775, 1.98, (30.91672559949117, 49.792027819400275, -10, 10), -26.285465722067258], [(1e-05, 10, 0, -10, 10), 1.69, [-100, 100]]]
0.3598089252265635 [[(-35.6707460103295, 28.98811857924337, -10, 10), 6.210374022977431, 1.98, (15.152759893049783, -48.449347739331635, -10, 10), -7.137509341487713], [(44.07998231196469, -12.330497600991453, -10, 10), 1.368858488456266, 1.98, (-8.447919378716428, -46.5900437690035, -10, 10), -13.43267914148081], [(-12.778104576059658, 18.377803782613444, -10, 10), 9.848085946046512, 1.98, (45.389765955813175, -26.831513454863366, -10, 10), -37.13070008608678], [(1e-05, 10, 0, -10, 10), 1.69, [-100, 100]]]
0.35999552053829725 [[(-2.995249807250089, 10.087277335679213, -10, 10), 5.020149977027519, 1.98, (37.890930520433145, 41.73769984586162, -10, 10), -38.18718783085401], [(6.736876203505993, -13.96980241530683, -10, 10), 5.142147538468347, 1.98, (-27.7625029655472, -21.44939026023678, -10, 10), -14.431818622943727], [(-14.659676793860331, 40.09329549533198, -10, 10), 7.8233339143773195, 1.98, (44.56154902792685, -34.855437417416, -10, 10), -23.621997704135588], [(1e-05, 10, 0, -10, 10), 1.69, [-100, 100]]]
0.36281916441711254 [[(-12.20765372430681, 16.07455929653675, -10, 10), 7.007675621318928, 1.98, (47.680444810800374, 35.259402370985846, -10, 10), -36.65484104815238], [(2.842633843223441, 29.620736600912245, -10, 10), 1.0172706359747252, 1.98, (-19.192981073558656, 45.96017012982364, -10, 10), -25.35699313764861], [(41.80332101144113, 28.245619187771233, -10, 10), 3.4465344556161637, 1.98, (-47.8444816334128, 45.539567557028384, -10, 10), -10.687629011114117], [(1e-05, 10, 0, -10, 10), 1.69, [-100, 100]]]
0.3974532721250286 [[(-17.089530572357926, 43.653427327768476, -10, 10), 5.734413487333654, 1.98, (3.725270550613946, -12.729704860238634, -10, 10), -35.18248955084486], [(-37.38053482537865, 14.210195448835506, -10, 10), 8.586933009041612, 1.98, (-25.13370296000864, -20.052054708794177, -10, 10), -8.221901619085575], [(-14.761715067829684, 20.498996291592764, -10, 10), 6.8360281599712565, 1.98, (8.898456268627609, -22.19211634315159, -10, 10), -24.175417127154162], [(1e-05, 10, 0, -10, 10), 1.69, [-100, 100]]]
0.44441160658477247 [[(30.7829976399254, 49.232698111007586, -10, 10), 9.660632989604984, 1.98, (18.04685913279316, 12.49116146631576, -10, 10), -29.376623928000583], [(21.775928600719485, 13.726240904567376, -10, 10), 0.36935862029949806, 1.98, (15.211733049727915, 17.890478075491213, -10, 10), -18.158294168607384], [(-29.674950011146084, 16.88278524733753, -10, 10), 6.7133252929296, 1.98, (-11.521032565732902, 28.61956867776996, -10, 10), -10.013173152580547], [(1e-05, 10, 0, -10, 10), 1.69, [-100, 100]]]
0.4664497964567877 [[(-4.394048880576296, -47.784929271738804, -10, 10), 3.429756232399408, 1.98, (-47.788764880173595, 27.22131124752034, -10, 10), -22.939988044675342], [(3.68776226406462, -48.0239998904786, -10, 10), 4.5629155842234255, 1.98, (-6.874871770204161, -20.08260352242801, -10, 10), -13.792358596118827], [(-43.03894983663822, -28.17164388097223, -10, 10), 8.594876348793449, 1.98, (39.73215372244954, 24.448636446673454, -10, 10), -29.780249228146676], [(1e-05, 10, 0, -10, 10), 1.69, [-100, 100]]]
0.4757380334935054 [[(9.702287938898092, -42.86337362827486, -10, 10), 6.811796318700097, 1.98, (22.789701221786316, 20.486409013625984, -10, 10), -37.114545583991976], [(31.950423299714124, 44.095846111350134, -10, 10), 3.2575672590880633, 1.98, (30.701316324204587, 21.45018423976537, -10, 10), -15.095352439152638], [(26.535920114605783, 41.296073891488824, -10, 10), 1.9218122800750193, 1.98, (20.480417069973644, 34.412385286999104, -10, 10), -22.594752335722465], [(1e-05, 10, 0, -10, 10), 1.69, [-100, 100]]]
0.4904708056060157 [[(36.098753882754366, 36.00551752675054, -10, 10), 4.5988897546663665, 1.98, (16.273817112309608, 25.609117443479313, -10, 10), -11.612470155921812], [(-3.9669504017789903, 10.518876405205313, -10, 10), 9.454805249683481, 1.98, (26.871653502831183, -36.30389773841003, -10, 10), -23.49595588292265], [(-20.701709738095666, -20.1849980901059, -10, 10), 2.691629811669931, 1.98, (-15.90578577934022, 31.485665158788546, -10, 10), -38.16456354301136], [(1e-05, 10, 0, -10, 10), 1.69, [-100, 100]]]
0.5077814138009794 [[(26.79881857445605, -36.71869563461448, -10, 10), 9.130926012835104, 1.98, (-18.347664887925987, 33.179461219679794, -10, 10), -8.604350248133521], [(-11.299240789455112, 13.737363080361787, -10, 10), 7.192902167780931, 1.98, (-14.775555351538438, -28.69550757976015, -10, 10), -35.998491145261724], [(-44.17830745420991, 28.84094760732776, -10, 10), 9.548442940763088, 1.98, (21.924103423174213, -42.4492827262251, -10, 10), -20.029271444034425], [(1e-05, 10, 0, -10, 10), 1.69, [-100, 100]]]
4.444318080748992e-09 [[(-41.76350133937168, -24.29847389489187, -10, 10), 8.30464605447933, 1.98, (33.630737347523564, 22.595524529884912, -10, 10), -36.161814888570646], [(-7.786732069655833, -42.68704345080131, -10, 10), 3.6881942136170576, 1.98, (27.14908632058902, 24.06826485167638, -10, 10), -17.187968210623527], [(38.011511717974486, -49.41853326376871, -10, 10), 2.067272089820531, 1.98, (-23.174321658564544, 36.097711029248, -10, 10), -3.7560153032500945], [(1e-05, 10, 0, -10, 10), 1.69, [-100, 100]]]
1.0644793077319304e-06 [[(-18.328995094323407, 17.730058058641397, -10, 10), 5.249784523377761, 1.98, (37.136465293576435, -30.64444117942734, -10, 10), -25.282759252554015], [(-8.713377681862156, -21.04302196899762, -10, 10), 6.224482934273359, 1.98, (36.2190494071974, -23.91932273022973, -10, 10), -34.76286894211979], [(-6.6707519925015895, -44.39829584756673, -10, 10), 8.448476787695265, 1.98, (11.857040920603023, 26.526482450823163, -10, 10), -16.30398193380593], [(1e-05, 10, 0, -10, 10), 1.69, [-100, 100]]]
2.4543487332144836e-06 [[(11.722854539958693, 32.928069570991006, -10, 10), 0.11452201970553633, 1.98, (-2.363555655134786, -21.49797362469188, -10, 10), -2.5454578799215954], [(-34.88677767110786, -20.0918739122966, -10, 10), 8.707375096357108, 1.98, (27.473345545810158, 34.49712184143393, -10, 10), -16.09200672635523], [(-45.069595917483554, -18.826230123221965, -10, 10), 8.463738566022716, 1.98, (-1.134666428979414, -48.174520503585924, -10, 10), -37.32865758439954], [(1e-05, 10, 0, -10, 10), 1.69, [-100, 100]]]
1.3861839745468249e-05 [[(32.079573981653176, -31.839895201382962, -10, 10), 5.197896324859093, 1.98, (49.105531108632185, 41.43310053677055, -10, 10), -17.27324533651658], [(-48.915841949272554, 26.3034690226603, -10, 10), 4.89290136020045, 1.98, (36.85179767106307, 47.93335777085458, -10, 10), -9.489679005313478], [(-48.08279973529004, -21.11609817004031, -10, 10), 9.70150250652928, 1.98, (44.036607564126626, 32.62386029229488, -10, 10), -33.905936230145144], [(1e-05, 10, 0, -10, 10), 1.69, [-100, 100]]]
2.114105763204076e-05 [[(-16.405359023649456, 48.75241885781352, -10, 10), 7.0451408108542, 1.98, (46.920883651068245, 27.01417656781303, -10, 10), -20.990527779918878], [(-26.372994909032222, -19.23130303493773, -10, 10), 9.010098090466048, 1.98, (34.92689530713011, -30.756812721300363, -10, 10), -31.060811125042555], [(-12.142402126287678, 46.27749606454273, -10, 10), 3.1199355319926925, 1.98, (29.318087459670416, 27.018153592430572, -10, 10), -37.45989103437286], [(1e-05, 10, 0, -10, 10), 1.69, [-100, 100]]]
9.857893136687948e-05 [[(11.318349862345212, 36.93089370494476, -10, 10), 2.261272812430992, 1.98, (-34.92227778245173, 34.083182981303906, -10, 10), -19.97622150130471], [(-36.472228834912045, -24.02321350937543, -10, 10), 8.93340821756868, 1.98, (25.714293768477447, 16.044089765352844, -10, 10), -26.80924647744653], [(-32.7081029559792, -49.968217892564894, -10, 10), 5.385099622941527, 1.98, (21.927070176143427, 25.286098214160102, -10, 10), -34.72670152092896], [(1e-05, 10, 0, -10, 10), 1.69, [-100, 100]]]
0.00012436447929299442 [[(24.068168332747007, 33.69783609814677, -10, 10), 0.004490393811669158, 1.98, (-39.1867926368757, 27.899500255207155, -10, 10), -12.221313595667077], [(-35.52046401797515, -19.83433945333778, -10, 10), 8.68386996459678, 1.98, (36.022832064001356, -27.439533817452833, -10, 10), -25.7599404264641], [(-36.198848363110784, -26.28615937762295, -10, 10), 7.863346476012767, 1.98, (23.091442793427706, -45.57216625433613, -10, 10), -36.512937048913635], [(1e-05, 10, 0, -10, 10), 1.69, [-100, 100]]]
0.00020473507605852745 [[(29.91014073374938, 20.263482410059076, -10, 10), 5.230198466202602, 1.98, (-3.0516161255922825, 48.63790228660518, -10, 10), -2.9845130670734674], [(-48.04822149641761, 27.469283548049685, -10, 10), 8.03033262263015, 1.98, (23.357090664343836, 18.980174415982553, -10, 10), -37.818715175866444], [(21.629251158548502, -26.458966515573845, -10, 10), 6.7549005997516565, 1.98, (11.016771525096559, 12.59477510028023, -10, 10), -10.251603019164833], [(1e-05, 10, 0, -10, 10), 1.69, [-100, 100]]]
0.0002198884959724358 [[(5.466256930502222, 19.55822569809289, -10, 10), 6.259134993901483, 1.98, (20.078239255558994, -13.569976842033714, -10, 10), -30.093569505982813], [(3.7116466300874174, -15.04253848599385, -10, 10), 0.7534023254797839, 1.98, (9.309254701515158, -20.536058079594255, -10, 10), -34.997989698625666], [(-3.4417637352226693, -11.800662527320426, -10, 10), 5.169671836747796, 1.98, (42.44289756088793, 36.91797863350862, -10, 10), -39.82128241388177], [(1e-05, 10, 0, -10, 10), 1.69, [-100, 100]]]
0.00026533864668986756 [[(-48.50046637197429, -23.83625263572332, -10, 10), 7.511305454917769, 1.98, (2.7611356506371587, 13.109832224343009, -10, 10), -20.261868339346606], [(26.243006182121242, 27.83818280161817, -10, 10), 1.4188408056924273, 1.98, (-17.091122150202086, 32.79089595780604, -10, 10), -1.7549626813787635], [(-21.983830518890024, -39.46050302351615, -10, 10), 6.091323395978887, 1.98, (27.482818693574252, 17.368750191533188, -10, 10), -30.583899767558954], [(1e-05, 10, 0, -10, 10), 1.69, [-100, 100]]]
0.0004551481871608851 [[(-38.42415679182077, 48.17766398178045, -10, 10), 7.53760074604304, 1.98, (-42.87055339792162, 44.654009804096496, -10, 10), -14.315333370014857], [(-22.70008961801172, -30.14679523896443, -10, 10), 7.749514327614797, 1.98, (47.973433390066646, 33.744942916273025, -10, 10), -36.87600729014562], [(6.775721982126203, -42.7767828403119, -10, 10), 7.329911877052783, 1.98, (20.254721269742426, 14.383668915748714, -10, 10), -28.734888098801846], [(1e-05, 10, 0, -10, 10), 1.69, [-100, 100]]]
0.0020852772070180546 [[(-39.15522239595417, -41.78103400047429, -10, 10), 7.705106623403988, 1.98, (29.935087626521973, -19.92910207727099, -10, 10), -36.13853725286139], [(5.609885659800029, 45.442409268264385, -10, 10), 9.3799355434712, 1.98, (27.338284388396318, -14.297250720075382, -10, 10), -21.808142924780704], [(28.365173469151994, 17.437686347541547, -10, 10), 2.387441948217419, 1.98, (23.547472936974135, -49.876352614489726, -10, 10), -12.737600810167153], [(1e-05, 10, 0, -10, 10), 1.69, [-100, 100]]]
0.002322569875792905 [[(-36.67253684046856, 25.303518958749173, -10, 10), 4.922876353949115, 1.98, (22.596436869079383, 37.52142196477263, -10, 10), -26.68730298575643], [(-42.87079186474436, 45.93092605324281, -10, 10), 8.506430527645723, 1.98, (18.94033575430307, 12.573368810236262, -10, 10), -9.833153278019358], [(-48.58010619683636, 27.053461814447587, -10, 10), 9.943065225847228, 1.98, (1.8595226546036292, 46.20632412524084, -10, 10), -37.35716611685791], [(1e-05, 10, 0, -10, 10), 1.69, [-100, 100]]]
0.0033946998241480126 [[(-37.5543819525586, -21.34725400325326, -10, 10), 7.099642003743297, 1.98, (23.184458285943244, 24.64986003720353, -10, 10), -34.67479420579293], [(-48.68978933891574, 18.073028501559364, -10, 10), 8.156993070177025, 1.98, (-3.4364133905070315, 32.993048216083096, -10, 10), -16.0130299177854], [(-26.20754452410756, 25.232552892249316, -10, 10), 6.2807807948678285, 1.98, (-11.711034896971363, 24.473381380733215, -10, 10), -24.129989149801176], [(1e-05, 10, 0, -10, 10), 1.69, [-100, 100]]]
0.0039035768368832035 [[(-14.42851695479187, -36.389645306238236, -10, 10), 5.011335447163425, 1.98, (17.92246738639748, 34.5317824288758, -10, 10), -24.844353620078927], [(-36.86950895129017, -32.58461451193148, -10, 10), 3.434367343631224, 1.98, (24.55410546411738, 42.596813048366656, -10, 10), -12.4503539820397], [(-37.023823681829086, -18.266794417355715, -10, 10), 6.97011519178681, 1.98, (2.2573057573100352, 13.35299050676687, -10, 10), -38.30266327674052], [(1e-05, 10, 0, -10, 10), 1.69, [-100, 100]]]
0.005311742871557613 [[(-30.462886847128846, -27.936098275225184, -10, 10), 3.4054053234940196, 1.98, (18.745113899355058, -37.18850376864573, -10, 10), -35.462408169337415], [(-12.027883208888191, -21.407221099186422, -10, 10), 8.762281689932854, 1.98, (33.5275479552765, 34.07559729518128, -10, 10), -19.025077505983166], [(-29.389491213342865, 18.95765167663097, -10, 10), 7.766178581461755, 1.98, (-24.39830595264858, -42.23652969623291, -10, 10), -29.028307301304324], [(1e-05, 10, 0, -10, 10), 1.69, [-100, 100]]]
0.006824141230435393 [[(-37.86875448402378, -43.346127273216226, -10, 10), 6.20120894590539, 1.98, (36.17073941179723, -24.88865961764174, -10, 10), -19.82357641298536], [(-18.722131791629504, -25.692211585764436, -10, 10), 6.152158378121275, 1.98, (10.118790005625344, -36.97003245603989, -10, 10), -30.543147426080104], [(-13.91844004406677, 11.46036655808339, -10, 10), 7.59298031547657, 1.98, (-7.810104449031929, 46.149255990892115, -10, 10), -37.59542786628924], [(1e-05, 10, 0, -10, 10), 1.69, [-100, 100]]]
0.008025405638301572 [[(-41.317078185722636, -44.500385345358794, -10, 10), 4.256410854166486, 1.98, (44.47761180735198, -26.934301861225908, -10, 10), -29.96568440924949], [(-42.018941597624014, 45.207039430795895, -10, 10), 6.039825014140838, 1.98, (40.22375626814531, -37.17431448203825, -10, 10), -39.298353324162846], [(46.570329621724504, -36.187446919103664, -10, 10), 3.611624851001416, 1.98, (44.17533839869194, -22.742923560850738, -10, 10), -7.282569434263939], [(1e-05, 10, 0, -10, 10), 1.69, [-100, 100]]]
0.008708389143105084 [[(-45.93751587535982, -30.47091744631204, -10, 10), 3.4277361161380115, 1.98, (36.73949875178195, 46.67198610775923, -10, 10), -26.059169432139146], [(30.031910552905316, 25.36968612827617, -10, 10), 0.5094968801843125, 1.98, (-32.275755542682816, 44.98712387330477, -10, 10), -9.354878123682017], [(-9.651993971751748, 11.080030786173833, -10, 10), 8.971723374851043, 1.98, (-17.92171295421191, 43.90886154810342, -10, 10), -37.52504888317269], [(1e-05, 10, 0, -10, 10), 1.69, [-100, 100]]]
0.010028225074236313 [[(-18.513091569277652, -44.95448723918186, -10, 10), 1.4481574429389732, 1.98, (35.04694862092763, -47.803248391352525, -10, 10), -20.4016403135934], [(-25.83132512551719, -46.27467443824324, -10, 10), 4.841664809150005, 1.98, (3.0872464967232394, -41.81538523962994, -10, 10), -37.806790786347776], [(-35.28425145636663, -17.342020303009452, -10, 10), 6.573590530682944, 1.98, (-20.61523307199532, -48.81772853624962, -10, 10), -32.062145637428344], [(1e-05, 10, 0, -10, 10), 1.69, [-100, 100]]]
4.081744279381458e-09 [[(-43.505759032355606, -37.9949020018418, -10, 10), 1.6681008433569011, 1.98, (-32.7550164252341, -42.34938728972142, -10, 10), -3.5164640166812893], [(-49.78850682718311, -37.14701278616742, -10, 10), 2.434859491980812, 1.98, (3.311660037836328, -33.68615703903788, -10, 10), -29.153022013093032], [(-41.61953365537653, 24.421541610146956, -10, 10), 7.6180532365943465, 1.98, (14.472554857813646, 19.111985818065502, -10, 10), -38.36623527144823], [(1e-05, 10, 0, -10, 10), 1.69, [-100, 100]]]
8.43670837702206e-09 [[(-6.978624034296299, 15.47362772585693, -10, 10), 7.510505514833044, 1.98, (8.672444993104788, -22.034614999707568, -10, 10), -19.097380313078368], [(9.087382195598915, -45.8650136644304, -10, 10), 5.079634595692719, 1.98, (26.574952054119617, 21.445535315990416, -10, 10), -27.39687119633519], [(-46.21998158898874, -27.061367473112952, -10, 10), 7.960592751628153, 1.98, (44.87145833285273, -33.9996433855904, -10, 10), -34.09949384758053], [(1e-05, 10, 0, -10, 10), 1.69, [-100, 100]]]
1.545005813377174e-08 [[(-15.110994586406633, -24.188583077015245, -10, 10), 5.868263386956761, 1.98, (-2.6617081302230505, -13.882577407131047, -10, 10), -15.83865917883332], [(-15.710400319334461, 17.81134079170892, -10, 10), 3.6447057434924623, 1.98, (25.741371989759145, 38.44739267857237, -10, 10), -20.99556327605501], [(-39.055091119100574, -19.732636647198852, -10, 10), 9.59091655988397, 1.98, (32.74295520808748, 29.220225420957114, -10, 10), -28.845864864363552], [(1e-05, 10, 0, -10, 10), 1.69, [-100, 100]]]
2.7383453162838246e-08 [[(7.539912743258526, 26.99394130745891, -10, 10), 6.4481442779928315, 1.98, (43.469760000064774, -35.24041487853599, -10, 10), -28.78213139468137], [(-1.7863245542451, -40.93316382294575, -10, 10), 2.4982520320537938, 1.98, (-21.05194872959982, 20.095413379471495, -10, 10), -11.82992432811093], [(-38.26482019401914, 23.85736812818565, -10, 10), 9.974795742532564, 1.98, (48.61136771365017, -28.35198173158432, -10, 10), -39.33377142952841], [(1e-05, 10, 0, -10, 10), 1.69, [-100, 100]]]
4.396098309694654e-08 [[(-31.453512434827356, 27.73008612191108, -10, 10), 6.9256620314724255, 1.98, (14.54880307478369, -17.92482739259078, -10, 10), -30.37571047259568], [(-27.473477249213396, -22.488673466925523, -10, 10), 7.56463591535433, 1.98, (37.70808305368018, 49.08618851360364, -10, 10), -17.43391346698935], [(-0.3978431475566424, -16.77895290913267, -10, 10), 3.5162954777380784, 1.98, (21.908491201063317, -21.357341681978003, -10, 10), -38.528766724029225], [(1e-05, 10, 0, -10, 10), 1.69, [-100, 100]]]
5.256200325521609e-08 [[(-17.157211139380912, 19.622303750046267, -10, 10), 2.1764833176812126, 1.98, (-13.171375485653169, -22.551547617905886, -10, 10), -31.191271295535888], [(-20.755711916994468, 17.407314982139955, -10, 10), 7.063984692385041, 1.98, (25.584396196106397, -29.601235704827587, -10, 10), -38.85551697708512], [(-21.50649093504623, 19.883194341108222, -10, 10), 5.127602538977765, 1.98, (0.9011737230814831, -27.832360885908912, -10, 10), -17.884537121181737], [(1e-05, 10, 0, -10, 10), 1.69, [-100, 100]]]
1.349825225268409e-07 [[(-37.813266651805975, -37.25798076243881, -10, 10), 3.2969351470565456, 1.98, (19.19345834496785, 29.168148955549533, -10, 10), -19.203514097942488], [(-41.72278945401368, 28.661501515217925, -10, 10), 7.499529065821367, 1.98, (37.100295376433756, 32.830589642462535, -10, 10), -31.36053943817576], [(-38.213605964411954, -22.293251593551243, -10, 10), 4.646038279797862, 1.98, (1.0157451897651937, 16.39634949002997, -10, 10), -25.07233437743903], [(1e-05, 10, 0, -10, 10), 1.69, [-100, 100]]]
3.207539017213298e-07 [[(-21.118114089846262, 17.10196440604107, -10, 10), 8.360028842213536, 1.98, (7.815178487280717, -29.677468943499598, -10, 10), -39.23867042050431], [(-1.5331387541236752, -34.73122049634565, -10, 10), 4.397747986740144, 1.98, (-27.55041564399835, 35.227693409283255, -10, 10), -8.756592942373851], [(-32.75195727143533, -22.138105640121687, -10, 10), 6.635782459390798, 1.98, (29.93236175419782, -28.09736894909839, -10, 10), -24.922658067222226], [(1e-05, 10, 0, -10, 10), 1.69, [-100, 100]]]
5.547450219993405e-07 [[(-34.391231189848824, 38.126787885358226, -10, 10), 5.977827778809317, 1.98, (-1.9773336615196757, -39.95129452166013, -10, 10), -37.44591849518756], [(-39.625930786132066, 18.193590163015383, -10, 10), 9.558928842583603, 1.98, (33.23915368465282, 26.0738506765708, -10, 10), -27.52493663572394], [(-11.099548395781822, -39.86696139996832, -10, 10), 5.624236734115247, 1.98, (20.864727756145594, 49.8094491631811, -10, 10), -6.309628777696391], [(1e-05, 10, 0, -10, 10), 1.69, [-100, 100]]]
9.49366290675262e-07 [[(-42.84260089833658, -19.698656917296432, -10, 10), 7.986124555978167, 1.98, (4.833401105431568, -45.00059942187234, -10, 10), -25.312350149302283], [(-9.37632296535873, 10.57542157203648, -10, 10), 5.8445788695506025, 1.98, (-18.044975886829395, 33.85914377666781, -10, 10), -33.24136471272578], [(5.302318385275562, -31.523356383583945, -10, 10), 3.665451770218313, 1.98, (-8.623565287330582, 36.828096011286206, -10, 10), -18.83192294260844], [(1e-05, 10, 0, -10, 10), 1.69, [-100, 100]]]
1.1048610933353937e-06 [[(-9.179494122344245, 32.866039050539506, -10, 10), 5.255067914609654, 1.98, (36.952219732731464, 40.965944945431254, -10, 10), -16.859632527303017], [(-38.20018800206121, -29.42220348262833, -10, 10), 8.293298034927108, 1.98, (-2.1812091748858897, -48.8680852091875, -10, 10), -27.99550885014614], [(-49.07319624468973, -31.676686843910428, -10, 10), 8.828437725005468, 1.98, (21.582829509080636, -20.181105079072204, -10, 10), -36.68227154524034], [(1e-05, 10, 0, -10, 10), 1.69, [-100, 100]]]
1.2851588465326088e-06 [[(-43.80923899574041, -42.0960941967914, -10, 10), 7.191891106867878, 1.98, (6.5482019649777286, 10.24842019150347, -10, 10), -23.904455025669385], [(-28.8001196032753, 35.04285122317069, -10, 10), 6.798787821862464, 1.98, (15.562051108947095, 45.007320690699125, -10, 10), -13.283075601494719], [(-29.53901304701366, 19.675819050069897, -10, 10), 9.413871943300013, 1.98, (22.357449299821187, -37.05875740190342, -10, 10), -37.74472437686328], [(1e-05, 10, 0, -10, 10), 1.69, [-100, 100]]]
1.784633452539462e-06 [[(14.138210506783599, -49.013336438886135, -10, 10), 2.8669885955440733, 1.98, (-48.30748802530868, 27.99246267178077, -10, 10), -25.048737778305608], [(-22.952458900459373, -18.053774815198075, -10, 10), 5.944724923734301, 1.98, (48.007479356704366, 37.869308032471, -10, 10), -31.237506107994], [(-33.1947275183912, 25.36745402228472, -10, 10), 7.010757113588239, 1.98, (44.39452345012651, -31.3573377264592, -10, 10), -37.833576517106906], [(1e-05, 10, 0, -10, 10), 1.69, [-100, 100]]]
3.7433554174410013e-06 [[(-38.87698113211524, -16.98656823837904, -10, 10), 9.861370948822588, 1.98, (-24.25922913533625, -24.512519160386425, -10, 10), -17.84283227911136], [(-34.40035229360251, 16.84496673484811, -10, 10), 7.301757135012652, 1.98, (-35.44641445578248, 46.311768891513005, -10, 10), -34.070358419504], [(49.39478062236443, 48.3832367875764, -10, 10), 2.2627824126563634, 1.98, (15.646689800207836, -48.12993914871675, -10, 10), -3.1079925154195527], [(1e-05, 10, 0, -10, 10), 1.69, [-100, 100]]]
4.090982875403992e-06 [[(36.596090220908664, -26.848625899697765, -10, 10), 0.7800155310706991, 1.98, (-1.6291101042757772, -33.82924774640785, -10, 10), -3.768954201519744], [(-45.92767872125685, 21.370949404464813, -10, 10), 9.407988794724435, 1.98, (16.221185637820557, 20.68226139250704, -10, 10), -35.80091942149139], [(26.995276109336043, -41.24214395248751, -10, 10), 0.324023638601858, 1.98, (24.248360008975943, 39.83098489014105, -10, 10), -8.63037940464328], [(1e-05, 10, 0, -10, 10), 1.69, [-100, 100]]]
5.006805284181599e-06 [[(-34.6679327231343, -25.291415402208063, -10, 10), 7.202492752709677, 1.98, (34.56833412911835, 44.11244043982633, -10, 10), -36.281515257350826], [(-41.875167329965336, 20.943956881009782, -10, 10), 2.658923094601342, 1.98, (-16.388868844303328, -17.009145137346103, -10, 10), -5.796697622831662], [(-41.8834765576216, 22.45620245064821, -10, 10), 5.434773203818644, 1.98, (19.414506241855534, -41.57897204131567, -10, 10), -27.895218109062498], [(1e-05, 10, 0, -10, 10), 1.69, [-100, 100]]]
5.465905535857091e-06 [[(-15.75340821340273, -18.202199942230724, -10, 10), 9.52404655160505, 1.98, (29.25068982632395, 20.429766147023955, -10, 10), -32.88126043950069], [(-20.486960559990173, -34.321618956520716, -10, 10), 1.3910430894447035, 1.98, (8.622148985716581, 42.25220110263774, -10, 10), -25.74398079435627], [(-16.899239729678772, 20.624990071923122, -10, 10), 8.027821627122279, 1.98, (14.895637217140534, 47.79879187178951, -10, 10), -18.22132878861549], [(1e-05, 10, 0, -10, 10), 1.69, [-100, 100]]]
6.926454310759765e-06 [[(30.771709470891786, -25.98301416171973, -10, 10), 7.881868745893352, 1.98, (46.08130348697512, -20.166161851800435, -10, 10), -25.16870154770044], [(-45.50491335896842, -33.59747310599237, -10, 10), 4.980892611456513, 1.98, (30.147652966466953, -49.086985124002545, -10, 10), -36.68836870006981], [(-47.49734433652668, -39.877273297796364, -10, 10), 4.701167799208193, 1.98, (35.91624141994738, -28.05215002733371, -10, 10), -31.548500835943255], [(1e-05, 10, 0, -10, 10), 1.69, [-100, 100]]]
7.3887490715913585e-06 [[(-41.19874321320848, 45.863712838414074, -10, 10), 5.329487534990889, 1.98, (44.96927698969079, -34.3747991276561, -10, 10), -22.86751885444554], [(-43.92169971785439, -28.713438461639562, -10, 10), 0.7775287792759777, 1.98, (-25.326203457300643, 18.706438623349484, -10, 10), -5.489188815193532], [(-35.06615138443673, 19.21779662931109, -10, 10), 8.385481462790342, 1.98, (12.307842449573291, 37.38724516401849, -10, 10), -38.69131598782731], [(1e-05, 10, 0, -10, 10), 1.69, [-100, 100]]]
7.775734027118111e-06 [[(10.464044172437703, 44.271836351824966, -10, 10), 4.850407247770445, 1.98, (15.03690892208116, 13.478634520329136, -10, 10), -29.8538846457846], [(-12.203342200133793, -18.018892386169494, -10, 10), 8.181514898061192, 1.98, (11.154819390332982, 19.69101136251249, -10, 10), -38.151924553633556], [(-24.693786667121888, -17.175673363958367, -10, 10), 6.056020720764055, 1.98, (0.8357116355801275, -27.154673007754226, -10, 10), -15.873816148685549], [(1e-05, 10, 0, -10, 10), 1.69, [-100, 100]]]
2.2033765856212804e-08 [[(-26.9494367389691, -21.589083317116607, -10, 10), 8.956934728233136, 1.98, (12.190309441638124, 21.108878728704326, -10, 10), -39.72382596881857], [(-39.69265172999039, 21.260190444947334, -10, 10), 5.856487924005287, 1.98, (-31.778038276807695, -42.80706130484027, -10, 10), -28.236538191663268], [(-41.597998260442914, -24.899485772572493, -10, 10), 8.908464292200748, 1.98, (43.21224937585143, 28.227603607057016, -10, 10), -5.213955550256687], [(1e-05, 10, 0, -10, 10), 1.69, [-100, 100]]]
8.479180510806711e-08 [[(-47.90830938425309, 26.154425669844194, -10, 10), 4.666638562535379, 1.98, (0.9938414405255891, -25.490620705870437, -10, 10), -36.71226076432426], [(-11.508875837617548, 38.03370134660242, -10, 10), 5.90395959804283, 1.98, (40.43999799013855, -21.421280315169987, -10, 10), -29.420417679433555], [(-43.402359364325996, 39.19546911622107, -10, 10), 6.21094997883632, 1.98, (3.664171435805952, 37.926215606917694, -10, 10), -13.372837907771236], [(1e-05, 10, 0, -10, 10), 1.69, [-100, 100]]]
4.00485176946086e-07 [[(-13.479622427076576, -14.032606551215087, -10, 10), 8.532285327114675, 1.98, (11.970238593326199, 17.39297363859191, -10, 10), -27.063053651774254], [(2.028984671979317, 22.66323923617023, -10, 10), 5.705485170375912, 1.98, (42.155092038743405, 22.132911311967618, -10, 10), -14.2930276175961], [(-18.14762077025769, -21.690663764210772, -10, 10), 8.79713655484899, 1.98, (15.59892302120458, -27.73307969307276, -10, 10), -39.90097597699404], [(1e-05, 10, 0, -10, 10), 1.69, [-100, 100]]]
1.011891230660831e-06 [[(-22.999903664017786, 29.49713551880163, -10, 10), 8.875801856336189, 1.98, (36.444867013768025, 24.80640694203312, -10, 10), -23.55091605626141], [(-10.599597372207137, -17.970900550299607, -10, 10), 8.390116270714001, 1.98, (37.708446297280275, -29.644392236940032, -10, 10), -12.750700600457515], [(-27.784999462609605, 34.75061642468494, -10, 10), 9.976797639993759, 1.98, (12.360773499489808, 13.766214469422245, -10, 10), -38.77848006852777], [(1e-05, 10, 0, -10, 10), 1.69, [-100, 100]]]
2.9335623171015416e-06 [[(-5.008378379004331, 38.359363343694106, -10, 10), 7.37161582926446, 1.98, (47.41533262082462, 22.394886861933916, -10, 10), -34.77758190259127], [(-28.28096686076411, -34.263025292315206, -10, 10), 3.9967787035495173, 1.98, (12.011640135728474, 25.25372200549526, -10, 10), -14.478799004988904], [(-29.37424025671217, 19.547240960417213, -10, 10), 6.125989958260451, 1.98, (13.251940454657696, -45.95876231089817, -10, 10), -26.133883671238333], [(1e-05, 10, 0, -10, 10), 1.69, [-100, 100]]]
6.15788020952822e-06 [[(15.909123440744787, -35.12469461141372, -10, 10), 1.9293571101197071, 1.98, (-40.00565330166592, -36.755017354379035, -10, 10), -8.881204399544703], [(-18.92837337574883, 39.79992977896906, -10, 10), 8.029217871335025, 1.98, (17.906822123800183, 14.29598862724144, -10, 10), -38.56859864925425], [(-23.715293927866064, 33.3443671808919, -10, 10), 6.807199444280608, 1.98, (13.635592447127475, -15.876110285056821, -10, 10), -24.970940220897752], [(1e-05, 10, 0, -10, 10), 1.69, [-100, 100]]]
2.197113008210361e-05 [[(-43.52699574926948, -23.855664933381437, -10, 10), 9.729161334698691, 1.98, (31.145264701297105, 23.479628052250966, -10, 10), -39.358154221819255], [(17.280325432725043, -32.537192062820544, -10, 10), 2.293239214097411, 1.98, (10.242725625994842, -23.307591797525717, -10, 10), -29.273458929116835], [(-33.74853818623838, 38.76641782720133, -10, 10), 4.1681287640353855, 1.98, (4.085850625360532, 17.372481386680604, -10, 10), -20.4768317071285], [(1e-05, 10, 0, -10, 10), 1.69, [-100, 100]]]
3.020211674872303e-05 [[(-25.626237097213146, 17.367373896237837, -10, 10), 7.597518106482051, 1.98, (42.42780751376339, -35.411112144190824, -10, 10), -25.385099769541576], [(38.20843877291266, 34.215986218238555, -10, 10), 4.696249336424767, 1.98, (24.577686050000658, -15.440639973193726, -10, 10), -36.349339990007564], [(-20.656599332823454, -44.07776587261164, -10, 10), 4.601959688944939, 1.98, (23.647665487576862, 44.78882424403929, -10, 10), -4.549503609034081], [(1e-05, 10, 0, -10, 10), 1.69, [-100, 100]]]
0.0001344213134639102 [[(-5.063682056887286, -17.2367658891455, -10, 10), 3.71006114594852, 1.98, (-36.75316012506899, -40.43010003050049, -10, 10), -2.998285446634752], [(-17.459372732104995, -39.34762833723248, -10, 10), 8.008223427072554, 1.98, (27.64661568819057, -45.81044495995541, -10, 10), -29.891483802788848], [(-28.917158892767535, 24.057905436904072, -10, 10), 6.668761979040707, 1.98, (18.143532806701234, -18.36875348903947, -10, 10), -39.435947583986085], [(1e-05, 10, 0, -10, 10), 1.69, [-100, 100]]]
0.00018271584398618692 [[(-7.353452180721909, -22.42325978660974, -10, 10), 5.943845783091222, 1.98, (43.197944535384416, 39.040167583385475, -10, 10), -25.725197176748757], [(26.4643308111303, -41.18447909085518, -10, 10), 2.890863749900281, 1.98, (41.83458217544178, -37.517525984398716, -10, 10), -3.40474420660851], [(-23.360336938766977, 19.402515929280682, -10, 10), 5.754649570593175, 1.98, (21.695596806364836, -23.104727184509734, -10, 10), -38.305202311527786], [(1e-05, 10, 0, -10, 10), 1.69, [-100, 100]]]
0.0002066679463996064 [[(9.888553925822896, -37.50221775219607, -10, 10), 8.064890591489162, 1.98, (49.31532419810877, 33.022332829721215, -10, 10), -19.933439427344386], [(-20.167270217969737, -45.375679678715365, -10, 10), 1.8643651922441462, 1.98, (41.1954470293504, 40.01847621164599, -10, 10), -3.2957200429127944], [(-39.84867722252273, 16.691498859537102, -10, 10), 9.689443302394242, 1.98, (16.970867442182712, -29.156024785486157, -10, 10), -30.487646851333988], [(1e-05, 10, 0, -10, 10), 1.69, [-100, 100]]]
0.00023412034706245827 [[(-31.24214300335071, 24.42517460590198, -10, 10), 7.396085151636688, 1.98, (19.54524251209793, -24.32108558527838, -10, 10), -38.67233098939095], [(17.670085913211597, -12.763142443689135, -10, 10), 5.971981686566217, 1.98, (15.119453415589689, 46.573717441238784, -10, 10), -13.713491872145], [(-49.087269498907084, -22.79123513340676, -10, 10), 8.521835278903646, 1.98, (2.6231615630664673, 31.693583621713973, -10, 10), -28.8619780157026], [(1e-05, 10, 0, -10, 10), 1.69, [-100, 100]]]
0.00033368472977066534 [[(-37.79345561988714, 49.45384874990688, -10, 10), 7.3519431069166, 1.98, (34.45135679429826, 20.044340818849314, -10, 10), -38.58227642614602], [(-46.08733376747489, -30.132003689002374, -10, 10), 8.57685683008816, 1.98, (34.29607585592006, -33.516528672259504, -10, 10), -26.288576143020947], [(-1.6869969484265557, -19.972103528807207, -10, 10), 9.186300265534776, 1.98, (-21.389507719180845, 18.48471570673048, -10, 10), -12.758182061328757], [(1e-05, 10, 0, -10, 10), 1.69, [-100, 100]]]
0.0005726907408515571 [[(-48.879459933625405, 45.77436724766994, -10, 10), 3.7859533780187804, 1.98, (48.00755970657236, -47.53989691221575, -10, 10), -26.614763199824118], [(-22.644979456308445, -37.33153305610576, -10, 10), 4.721703452331667, 1.98, (-7.627274028534837, 21.47414831067217, -10, 10), -20.28205136483606], [(-31.189896194977585, 32.12414767171008, -10, 10), 9.570441567275925, 1.98, (22.73383146844843, 16.541560426730364, -10, 10), -35.971219003371395], [(1e-05, 10, 0, -10, 10), 1.69, [-100, 100]]]
0.000662556981807875 [[(-29.4304490136858, -48.17445208434997, -10, 10), 5.79363139178043, 1.98, (10.236210899915443, 22.067570928754286, -10, 10), -26.449374148737483], [(-28.015104422169802, -17.92862463887632, -10, 10), 6.756534695996461, 1.98, (42.276107525300034, -47.67016880988837, -10, 10), -38.461758281393564], [(1.7066381960453625, 18.09885429008018, -10, 10), 6.459875717777857, 1.98, (42.97161414122118, 41.42919664070389, -10, 10), -9.966417447318937], [(1e-05, 10, 0, -10, 10), 1.69, [-100, 100]]]
0.0008812027410493733 [[(16.187629731010045, 49.82165181633069, -10, 10), 6.039502795539928, 1.98, (48.50721416100052, 22.56852724580307, -10, 10), -15.564368945883816], [(-20.30934867024621, 17.319713383518966, -10, 10), 9.682627889261227, 1.98, (44.88920313569156, 27.414113567489494, -10, 10), -32.240313876571044], [(19.458451949190092, 43.49245464627837, -10, 10), 3.5811932989773188, 1.98, (-19.15511964443475, 21.507906483609307, -10, 10), -4.553893190724911], [(1e-05, 10, 0, -10, 10), 1.69, [-100, 100]]]
0.0013283626212877862 [[(-14.87123011370427, -13.831178732872285, -10, 10), 8.549377044278827, 1.98, (17.514462782662587, -49.75123580038138, -10, 10), -39.849583005580755], [(-3.0642016615505807, -15.439941232656428, -10, 10), 0.8254552797638737, 1.98, (-34.21159776715802, 32.865654798222025, -10, 10), -7.469048781646124], [(-41.518518732239784, -44.72502663356961, -10, 10), 7.315253846149208, 1.98, (49.28217705179876, 32.747068033975744, -10, 10), -26.000195531852746], [(1e-05, 10, 0, -10, 10), 1.69, [-100, 100]]]
0.0021232894568909526 [[(-18.9716008652304, 34.882368945876976, -10, 10), 8.656581999665669, 1.98, (48.11116867645865, -28.277191557346313, -10, 10), -25.861162818647305], [(-15.28269409020374, -16.940724905266013, -10, 10), 5.286558890934159, 1.98, (33.40313545973851, -45.16691051188499, -10, 10), -39.565363524225965], [(-42.93171951361748, -33.399467893541015, -10, 10), 7.609078240152288, 1.98, (18.244071410085773, -40.35491572730844, -10, 10), -13.947589380788472], [(1e-05, 10, 0, -10, 10), 1.69, [-100, 100]]]
0.0023425154623264994 [[(-32.38103357488853, -49.58895888709588, -10, 10), 4.110435362515849, 1.98, (3.970721841756253, -14.866139378476028, -10, 10), -34.89330106148552], [(24.49360867007, -45.64303929014078, -10, 10), 1.7217110657246915, 1.98, (38.31652232139655, 37.74823282676775, -10, 10), -21.39646785167089], [(-23.92304826431493, -17.573881780738134, -10, 10), 6.900915562576026, 1.98, (19.065255796894153, -22.955224406280863, -10, 10), -28.33545106929307], [(1e-05, 10, 0, -10, 10), 1.69, [-100, 100]]]
0.003474060889233925 [[(-2.936713693851911, 39.82433653125914, -10, 10), 3.5290559744410355, 1.98, (20.147661883405387, -21.17076096687415, -10, 10), -2.6206180807153316], [(-3.7223373462042075, -34.76746240802897, -10, 10), 1.0134338022484957, 1.98, (-1.0201158548976963, -11.692252057930618, -10, 10), -10.12938812228461], [(-27.428580097253462, 28.957895032372903, -10, 10), 9.852397876629562, 1.98, (44.34068767628552, -21.59610678668107, -10, 10), -38.3429771609738], [(1e-05, 10, 0, -10, 10), 1.69, [-100, 100]]]
6.717939912774865e-08 [[(28.643909767438913, 49.8225695121998, -10, 10), 4.7897918252042215, 1.98, (41.25073119723217, 26.7634468116843, -10, 10), -11.033219908355147], [(3.2408892943246004, 36.76491709073757, -10, 10), 9.344800597065014, 1.98, (26.197935355654632, -17.240554104828654, -10, 10), -21.06106534911271], [(-32.13586269520411, -26.290438997183763, -10, 10), 7.420133334772602, 1.98, (28.942462209786857, -20.784186870560394, -10, 10), -38.401095016853326], [(1e-05, 10, 0, -10, 10), 1.69, [-100, 100]]]
6.989983560492382e-08 [[(-41.246697592893476, 46.287941060552015, -10, 10), 7.246018942288508, 1.98, (33.87597460319014, 21.657777514144627, -10, 10), -39.93227298298051], [(-5.758411066573843, 27.564818654552646, -10, 10), 5.713254030208967, 1.98, (43.611637372090804, 25.470260105740948, -10, 10), -32.03633172212547], [(21.97700116143667, -31.90588365404221, -10, 10), 0.22271418829230782, 1.98, (-28.029258345151074, -26.160024669294735, -10, 10), -10.08949885366679], [(1e-05, 10, 0, -10, 10), 1.69, [-100, 100]]]
5.638587986415552e-07 [[(-35.392353957042864, -43.443761855218575, -10, 10), 7.946784239790441, 1.98, (49.76543128706983, -22.42628878393579, -10, 10), -38.9855271781298], [(26.075314969106188, 40.3794299550812, -10, 10), 4.980634068364895, 1.98, (22.46182105551521, 30.05042291900517, -10, 10), -2.6344766767691667], [(-4.018528906913776, -13.204091814397534, -10, 10), 3.99142802731828, 1.98, (35.094853400303236, -36.79597072086283, -10, 10), -29.47283020629398], [(1e-05, 10, 0, -10, 10), 1.69, [-100, 100]]]
2.3297634640164788e-06 [[(24.579841983661087, 49.541867317835816, -10, 10), 9.882682290439334, 1.98, (-28.425578878066148, -44.190223354994075, -10, 10), -10.021849239386002], [(-23.18788020297873, 25.761860477667607, -10, 10), 8.00492548914997, 1.98, (18.870096231070864, 24.463718235862096, -10, 10), -28.755054325407972], [(-31.071515931726402, 20.553846839828317, -10, 10), 6.2784358030713205, 1.98, (34.95095093879207, -38.30927087482176, -10, 10), -37.953250531600084], [(1e-05, 10, 0, -10, 10), 1.69, [-100, 100]]]
2.5195110928889316e-06 [[(-19.30629907354745, 17.872006204424817, -10, 10), 8.856586181706007, 1.98, (5.01385500416387, 13.753678689009874, -10, 10), -21.339157149986956], [(-20.932380809572315, 15.233881339180687, -10, 10), 9.25667622523548, 1.98, (33.154340143358354, -36.25034699613312, -10, 10), -31.479764756638534], [(26.15229745776825, 38.582842275685046, -10, 10), 6.161900950111415, 1.98, (8.69202193983437, -12.809203102552502, -10, 10), -3.435762535978412], [(1e-05, 10, 0, -10, 10), 1.69, [-100, 100]]]
8.766733025659324e-06 [[(-13.55746404644499, 23.570110351488673, -10, 10), 3.8585867267953122, 1.98, (7.808713653050637, 34.39497831697334, -10, 10), -34.34559907267382], [(41.16531368432265, 42.19863260673764, -10, 10), 4.608495700018544, 1.98, (48.57789214963606, 21.891194414755976, -10, 10), -38.96753801204395], [(-12.88746812914342, 15.317632223089594, -10, 10), 6.56340150513079, 1.98, (-7.973154698495188, 48.28106721210186, -10, 10), -23.317257065096143], [(1e-05, 10, 0, -10, 10), 1.69, [-100, 100]]]
2.5540205118678054e-05 [[(6.053621114256069, 34.494867533043994, -10, 10), 0.28376787882886223, 1.98, (-35.124205743955194, 27.289627542544327, -10, 10), -6.357234851264968], [(-40.195378036960015, -20.497286783724565, -10, 10), 8.766371775743966, 1.98, (45.20882969177759, 38.43383249231865, -10, 10), -38.001087515094234], [(-31.861163183147102, 28.963551102468077, -10, 10), 9.218758024996783, 1.98, (8.39407319784593, 35.57908998158761, -10, 10), -14.075987109070612], [(1e-05, 10, 0, -10, 10), 1.69, [-100, 100]]]
0.00021355319298245657 [[(-36.45087264440917, 35.66643624361503, -10, 10), 1.826786901666344, 1.98, (-1.4254356126707335, 18.97711354836754, -10, 10), -6.657562654666545], [(-41.611371267836994, 44.31812512940733, -10, 10), 8.663942482754717, 1.98, (15.044141093143093, -32.206584424999164, -10, 10), -24.661230080537823], [(-47.62543116776396, 32.092021535981004, -10, 10), 7.862756474865876, 1.98, (48.616184581056544, -25.371547714700714, -10, 10), -34.45576125564328], [(1e-05, 10, 0, -10, 10), 1.69, [-100, 100]]]
0.0002610147643159052 [[(-46.414640373255075, -23.31343013651661, -10, 10), 6.859785044435354, 1.98, (29.985171723411252, -28.985398104731175, -10, 10), -39.28370616353428], [(-9.344625279308772, -26.528410657506306, -10, 10), 7.539810864063381, 1.98, (-2.32864198393421, 11.440083239991505, -10, 10), -13.670668995343995], [(-39.394389980492086, 40.4360968995376, -10, 10), 5.97260941954776, 1.98, (-2.1823010001467913, 16.82828834109069, -10, 10), -6.24777643874746], [(1e-05, 10, 0, -10, 10), 1.69, [-100, 100]]]
0.0002831064036905953 [[(-16.62814427896687, -49.02349272480143, -10, 10), 3.3933481473246907, 1.98, (-8.037708785677156, -22.322277714746985, -10, 10), -10.613673507532072], [(12.060700863146135, 38.13870324880369, -10, 10), 5.267683759977917, 1.98, (41.73177220832135, -30.51183017991248, -10, 10), -28.307696554745736], [(-47.09734263275791, 21.823254245172873, -10, 10), 8.871403369115232, 1.98, (11.621269967963144, 24.646747633627943, -10, 10), -37.778603252929585], [(1e-05, 10, 0, -10, 10), 1.69, [-100, 100]]]
0.00031489665426508563 [[(-44.45584006689158, 31.082036629928268, -10, 10), 4.330436157755804, 1.98, (19.674342052530058, -37.413323567691435, -10, 10), -7.6401988615466125], [(-15.482722960945484, -17.560605408771778, -10, 10), 9.517443314298355, 1.98, (45.98883497586337, 21.90171634536311, -10, 10), -35.923310244656804], [(-19.712551388068466, -26.460997226864038, -10, 10), 1.1571224352953124, 1.98, (-20.024176975621664, -28.765436384696706, -10, 10), -17.26911886705188], [(1e-05, 10, 0, -10, 10), 1.69, [-100, 100]]]
0.0004747901039186412 [[(-19.768077929185925, 14.527164400220238, -10, 10), 9.167157620794423, 1.98, (7.6748087387945585, 12.809756119560067, -10, 10), -28.302181377006864], [(12.137814843191164, 27.284260912490943, -10, 10), 2.2520283582087597, 1.98, (35.21973071582751, 42.64357837793729, -10, 10), -5.449831087568468], [(-44.914641434106585, 43.23847994529441, -10, 10), 3.2786983319436325, 1.98, (10.079529041635837, -37.79826971008774, -10, 10), -21.73374091214215], [(1e-05, 10, 0, -10, 10), 1.69, [-100, 100]]]
0.0010210621014463104 [[(-23.543401736982105, -37.020980444351046, -10, 10), 8.414635717520449, 1.98, (16.5201143874287, -13.214956966581958, -10, 10), -17.199153046658854], [(-35.423319744924385, 39.06711481907822, -10, 10), 3.586662724262688, 1.98, (-21.132042513633753, 44.772075564537516, -10, 10), -10.205636074954796], [(-45.06592778125133, -22.188707992817548, -10, 10), 7.926151978469349, 1.98, (23.177939970667616, -32.084180148170084, -10, 10), -31.98877107144917], [(1e-05, 10, 0, -10, 10), 1.69, [-100, 100]]]
0.0012164415724251396 [[(-48.54172376556437, -23.940804852287954, -10, 10), 7.7308285886885475, 1.98, (-9.261200987701612, 33.95284397542506, -10, 10), -15.633770907516679], [(-24.635714212425675, -14.418717563693772, -10, 10), 8.282665296420939, 1.98, (-2.8157290675151603, -44.18410793998019, -10, 10), -32.457250890846844], [(-11.479558898961828, 18.02343787241615, -10, 10), 2.701996669196436, 1.98, (-6.79190902053215, 48.42802762877889, -10, 10), -38.53263008000027], [(1e-05, 10, 0, -10, 10), 1.69, [-100, 100]]]
0.001455669350121876 [[(-44.868193964054335, -26.24786754288766, -10, 10), 7.368502517751175, 1.98, (-10.701316218882184, -35.15892632744717, -10, 10), -33.81076879540176], [(9.18467234122251, 29.385135177468904, -10, 10), 0.01318731978021681, 1.98, (-36.97950879625146, 34.78304924807186, -10, 10), -9.19414641644642], [(-24.192864752399647, -13.835676145930599, -10, 10), 9.521070723363849, 1.98, (22.81272459164956, -39.36200663228067, -10, 10), -22.421854425411304], [(1e-05, 10, 0, -10, 10), 1.69, [-100, 100]]]
0.0015674369710160796 [[(-10.771838280270352, -37.97264689009226, -10, 10), 0.15528084994008484, 1.98, (-13.072307015699192, -37.60564922697315, -10, 10), -25.656713584062214], [(-41.087975736405525, -28.336630216111736, -10, 10), 8.063657720587063, 1.98, (25.171924248459142, -18.5929630235267, -10, 10), -16.2287470417713], [(-29.91383640496711, 20.903049461976398, -10, 10), 9.332097242800026, 1.98, (49.19957793699729, 43.198986577852516, -10, 10), -35.98083889647646], [(1e-05, 10, 0, -10, 10), 1.69, [-100, 100]]]
0.0018385362096030138 [[(-34.029269820331486, -22.076249375033985, -10, 10), 8.98366481023644, 1.98, (34.8793797447248, 27.735673227517623, -10, 10), -34.35898010083398], [(-22.038042230558553, 20.822949636316512, -10, 10), 8.301182500869519, 1.98, (-9.54692562284104, 49.52183723039983, -10, 10), -21.97403124730089], [(40.151477434934435, -24.715417847812237, -10, 10), 6.605713413275824, 1.98, (12.191609570451057, -12.228509904862683, -10, 10), -4.491279613000584], [(1e-05, 10, 0, -10, 10), 1.69, [-100, 100]]]
0.002173804326066997 [[(-38.399171221758834, -20.185726739312827, -10, 10), 7.110408253364076, 1.98, (0.12868220327812985, -16.10798080383795, -10, 10), -38.136589280048696], [(0.6247168408148873, 28.71442749581139, -10, 10), 1.9836482480018924, 1.98, (-6.8028824561399475, -22.029510272970597, -10, 10), -2.6795745612619175], [(-11.630219744259884, 18.31752282536725, -10, 10), 8.97834816322405, 1.98, (36.888233278444424, -35.00085262232056, -10, 10), -26.56504400861456], [(1e-05, 10, 0, -10, 10), 1.69, [-100, 100]]]
0.0023533126275430195 [[(-13.958862670092277, -19.034367136709708, -10, 10), 9.866962507217371, 1.98, (-4.671182993928258, 43.225524498050625, -10, 10), -13.596129494051873], [(-47.383759020672386, -44.74211959111434, -10, 10), 6.746799227452669, 1.98, (34.49561981222878, -22.366645984789578, -10, 10), -22.87840560459262], [(16.58633582977481, 29.232285068857767, -10, 10), 5.421991725033202, 1.98, (34.39566436742798, 19.635589615943992, -10, 10), -38.45118940215143], [(1e-05, 10, 0, -10, 10), 1.69, [-100, 100]]]
0.004047660649159498 [[(-31.966854508245135, 21.54699943324262, -10, 10), 9.89509295138614, 1.98, (47.17884405209821, -23.85093664325296, -10, 10), -28.624585981697635], [(-39.84501706363734, -37.237006211038704, -10, 10), 9.97315872285782, 1.98, (-1.1660488732193497, 46.9985618635544, -10, 10), -16.715066519443386], [(-31.359976440952998, 37.097936604081504, -10, 10), 5.472942066547343, 1.98, (11.545375872785025, -34.531999045803815, -10, 10), -6.885153445163214], [(1e-05, 10, 0, -10, 10), 1.69, [-100, 100]]]
6.377627112207489e-10 [[(-15.110766362500772, -46.59312316527491, -10, 10), 5.072650661463172, 1.98, (-45.938830570848395, -44.47750145325844, -10, 10), -27.23000370878531], [(-35.49952903881384, -18.184761301092266, -10, 10), 7.448119441164584, 1.98, (12.013019713175643, 34.14476011252295, -10, 10), -15.393175813865753], [(-47.20068223104044, 22.0223077742835, -10, 10), 9.22714973779102, 1.98, (25.561300124813215, -27.524379646745555, -10, 10), -37.817319901752455], [(1e-05, 10, 0, -10, 10), 1.69, [-100, 100]]]
9.498707727917374e-08 [[(-9.83605306130385, -14.522132849523995, -10, 10), 7.721110913161835, 1.98, (24.486081128639057, 19.551408502863122, -10, 10), -23.19782864276372], [(-25.17379274995175, -16.670984642783193, -10, 10), 9.402803127395455, 1.98, (-14.933887686900693, -36.55504781886801, -10, 10), -34.670097875689294], [(-37.38215633619697, 38.066374852849016, -10, 10), 5.414880470424204, 1.98, (28.569595894169233, -38.669225384199926, -10, 10), -12.836750370808094], [(1e-05, 10, 0, -10, 10), 1.69, [-100, 100]]]
5.709792149044551e-07 [[(-37.44971331168805, -19.014855497684625, -10, 10), 5.418571497275035, 1.98, (-45.38700670857312, 33.062527021423534, -10, 10), -25.635036166447847], [(-8.875307756456941, -31.99742278569133, -10, 10), 9.772733339268875, 1.98, (22.795857267787923, 16.266852663798847, -10, 10), -11.553434462700697], [(-18.462601252738565, 14.523934771717329, -10, 10), 9.136306311982729, 1.98, (28.769446125896213, -49.65687598405941, -10, 10), -34.366286343371634], [(1e-05, 10, 0, -10, 10), 1.69, [-100, 100]]]
1.6525137303902415e-06 [[(-34.82986246886537, -41.98807384604378, -10, 10), 8.551617082795829, 1.98, (43.86363408462912, 22.656580161520633, -10, 10), -39.87850048966707], [(-20.80510469965534, -43.329732243168365, -10, 10), 5.668683003701078, 1.98, (42.33656096955634, -22.359750574872894, -10, 10), -18.1327529647044], [(42.094490284857415, -47.39087580848553, -10, 10), 6.624082024194074, 1.98, (20.13248585802905, -15.534521605337437, -10, 10), -8.344971305699191], [(1e-05, 10, 0, -10, 10), 1.69, [-100, 100]]]
6.187853586806682e-06 [[(20.29604026751325, 21.712147559628146, -10, 10), 3.017562591278835, 1.98, (-43.28990387678166, -28.820609988972013, -10, 10), -12.947196125584407], [(-29.697446350768853, 20.294361722070498, -10, 10), 8.797921990449222, 1.98, (-24.627293494641854, 29.407044726963992, -10, 10), -27.25289132148055], [(-12.918546406486175, 23.88219001816796, -10, 10), 7.578671715062068, 1.98, (41.8396335604307, 23.287799958383193, -10, 10), -39.949999512861815], [(1e-05, 10, 0, -10, 10), 1.69, [-100, 100]]]
9.546823370732044e-06 [[(-35.49697834166776, 22.025350431180378, -10, 10), 8.85365254711304, 1.98, (27.601292324661742, -19.70724792350158, -10, 10), -33.738328879006055], [(-21.54008958668252, -22.129743168894766, -10, 10), 9.322795322222543, 1.98, (-33.44866713749646, 29.2066524489339, -10, 10), -19.18209632406233], [(13.640360786235261, -41.279222324325126, -10, 10), 1.771499952326916, 1.98, (27.419291474893413, -26.49241151063978, -10, 10), -2.567878362647232], [(1e-05, 10, 0, -10, 10), 1.69, [-100, 100]]]
1.2461929332795289e-05 [[(-17.356220659610344, 24.221163052451665, -10, 10), 7.930701739243378, 1.98, (23.26886624295691, -16.95250749875159, -10, 10), -38.73964946675306], [(39.13454633718, -46.978200917799064, -10, 10), 9.782120814379716, 1.98, (40.70713433795435, -18.090628740273306, -10, 10), -12.145703807480942], [(5.772843783937742, -28.28457629073672, -10, 10), 7.042754371989712, 1.98, (26.9566617963372, 21.67261268437771, -10, 10), -22.169768181290987], [(1e-05, 10, 0, -10, 10), 1.69, [-100, 100]]]
1.933459184428004e-05 [[(-11.13485797545184, 17.399451790021647, -10, 10), 6.3763856095974685, 1.98, (38.657475048963086, 46.84573703471857, -10, 10), -11.023386374450947], [(-23.19067203165036, -47.87413757421466, -10, 10), 6.640003768298595, 1.98, (12.104811202160848, -22.420430421470684, -10, 10), -25.210614758473216], [(-47.54578647753582, 35.964613747566844, -10, 10), 7.58940352513333, 1.98, (42.88530378694389, -21.322958591053222, -10, 10), -34.45080797921072], [(1e-05, 10, 0, -10, 10), 1.69, [-100, 100]]]
4.073032351814905e-05 [[(-28.333831657205046, 41.604111025321686, -10, 10), 4.303077684383596, 1.98, (18.39950085747334, 20.57394651265322, -10, 10), -12.649319524591991], [(27.766680471412243, 40.9573351415523, -10, 10), 8.28823098143147, 1.98, (45.95164542340765, -28.249653898035774, -10, 10), -35.77311645444123], [(-44.244889126497476, -17.449513774652203, -10, 10), 9.117992197544977, 1.98, (-20.073158646684597, 49.89380062855496, -10, 10), -25.845728017476198], [(1e-05, 10, 0, -10, 10), 1.69, [-100, 100]]]
0.00010577790682425426 [[(-36.93925069410643, 15.67607430953515, -10, 10), 9.473703587263312, 1.98, (30.041668436341972, -41.065457970270536, -10, 10), -14.083925258742026], [(-24.281070829021843, -20.339454386266652, -10, 10), 9.147236922704757, 1.98, (48.556005415933235, -26.78914801199499, -10, 10), -24.46404397228278], [(-30.093591604436433, 48.952278809853, -10, 10), 1.5326551619608142, 1.98, (-7.360350286093231, -35.82381842688122, -10, 10), -36.04827849094884], [(1e-05, 10, 0, -10, 10), 1.69, [-100, 100]]]
0.0001279398494761157 [[(40.027961612249285, 40.85960528103219, -10, 10), 5.649608113540907, 1.98, (48.532303876541235, -32.62477085335186, -10, 10), -18.909396478450798], [(-35.74139745654363, 22.819519245920617, -10, 10), 4.399536988705989, 1.98, (-24.180425314687646, -35.54257891233833, -10, 10), -34.45824090185761], [(-26.150033783435166, -16.152336689902256, -10, 10), 7.896874331760211, 1.98, (39.39192550454611, -36.73228946789525, -10, 10), -26.05745820003209], [(1e-05, 10, 0, -10, 10), 1.69, [-100, 100]]]
0.0007215383500984042 [[(-47.129955898764955, 30.494438495238562, -10, 10), 8.564244491274271, 1.98, (36.966498694890745, 45.206905269873744, -10, 10), -18.337259598258026], [(-19.87347687803702, -12.475564976911235, -10, 10), 8.580973626213062, 1.98, (-30.031908204594227, 45.420165349829176, -10, 10), -32.93638723078469], [(-13.495390468054824, 44.757566516930666, -10, 10), 6.1421179806418085, 1.98, (-48.146685359094135, -44.36703813700219, -10, 10), -10.609451326575888], [(1e-05, 10, 0, -10, 10), 1.69, [-100, 100]]]
0.0009107889618719781 [[(-27.63736754283428, -26.343299858318346, -10, 10), 7.6553025652237245, 1.98, (26.385378568188656, 19.359320654225854, -10, 10), -39.89722467843669], [(-3.195821311382785, -18.753880798637756, -10, 10), 8.377571556463375, 1.98, (20.518541577794746, -29.20060886721941, -10, 10), -18.851956272516976], [(-26.459017508140725, -44.94124037093242, -10, 10), 2.9462343837961336, 1.98, (-39.15541725277871, -27.11699717941508, -10, 10), -5.339979736754863], [(1e-05, 10, 0, -10, 10), 1.69, [-100, 100]]]
0.0012808926152674059 [[(-9.82996659116424, -27.544904498921806, -10, 10), 8.438425933237333, 1.98, (26.172437824024954, 25.37464668421301, -10, 10), -36.95851115770384], [(-25.427608346060047, -24.622923124808448, -10, 10), 5.484459348064563, 1.98, (13.652510105683879, -23.33239072015749, -10, 10), -13.414232520150664], [(-32.104432215244884, -18.482173934248337, -10, 10), 6.233635105436964, 1.98, (21.10672523004936, 31.496790825084364, -10, 10), -23.211791591777125], [(1e-05, 10, 0, -10, 10), 1.69, [-100, 100]]]
0.0013951760535747583 [[(-41.9028498792911, -27.17192561182742, -10, 10), 7.309968545540217, 1.98, (47.983846953866625, -28.863668541734413, -10, 10), -34.14830193140712], [(-16.672850313181662, 29.780654132607985, -10, 10), 8.53552085618232, 1.98, (24.01513142338957, 18.524636082179057, -10, 10), -17.80940162852171], [(-7.635606468300294, 19.24774467210448, -10, 10), 7.639646119254689, 1.98, (-20.265928057473882, 30.22307988156747, -10, 10), -9.002582942696602], [(1e-05, 10, 0, -10, 10), 1.69, [-100, 100]]]
0.001436543203183572 [[(-21.112098795787347, -16.534525106476337, -10, 10), 7.847210589266651, 1.98, (21.51665954307217, -39.50793399444047, -10, 10), -38.81160752181426], [(-18.80770804206523, -19.850225396260967, -10, 10), 5.879444724269904, 1.98, (-20.080926698206937, -33.83672111427134, -10, 10), -10.414867266052532], [(-42.46477619303287, -29.54530596356698, -10, 10), 5.695554623577119, 1.98, (41.021658284321695, 40.69693158545772, -10, 10), -17.727122014853183], [(1e-05, 10, 0, -10, 10), 1.69, [-100, 100]]]
0.0014642663411436184 [[(36.74636437846126, -42.065217466859494, -10, 10), 6.930033712742752, 1.98, (43.39403871003656, 26.20582195029607, -10, 10), -6.650652242191391], [(-26.84661349379569, 48.32394865371995, -10, 10), 5.819935315655802, 1.98, (46.26906194837637, 35.492534392690246, -10, 10), -23.704700049703398], [(-42.166903947568294, 21.948960631839252, -10, 10), 8.453026589745336, 1.98, (43.34865688845796, -28.0101271765832, -10, 10), -36.37674947826163], [(1e-05, 10, 0, -10, 10), 1.69, [-100, 100]]]
0.002208225255738496 [[(-23.29199514146435, 18.71629429099323, -10, 10), 8.497802889175393, 1.98, (-23.46172748971237, -32.64555654460233, -10, 10), -11.33481764951737], [(6.491535836168961, 44.099850949196075, -10, 10), 9.339112431039368, 1.98, (42.84404487471978, -27.366777986086266, -10, 10), -37.44829625292455], [(-39.75796946222954, -22.645505668316844, -10, 10), 7.432467223792678, 1.98, (13.401409426594224, -23.426508650043722, -10, 10), -25.99740343839686], [(1e-05, 10, 0, -10, 10), 1.69, [-100, 100]]]
0.00224011381078176 [[(-20.13818449779745, -34.35228586483148, -10, 10), 7.176136243636153, 1.98, (34.686198664850544, -20.776028655679056, -10, 10), -37.12866577089073], [(-48.61137012188455, 44.79786141225702, -10, 10), 2.916014042734316, 1.98, (48.501386386024784, 45.47306775010262, -10, 10), -21.672658986804553], [(-4.915796633621983, -42.487739507322495, -10, 10), 4.562775291213015, 1.98, (11.34683428447194, -14.019866490239197, -10, 10), -6.25062279070693], [(1e-05, 10, 0, -10, 10), 1.69, [-100, 100]]]
0.00231477189268958 [[(30.50046468606462, 29.43453616990115, -10, 10), 7.79309693299399, 1.98, (3.6400266459653774, -37.72903169399559, -10, 10), -6.628620786913708], [(-36.29731731725445, -25.73515032665712, -10, 10), 5.921637467140332, 1.98, (-32.25238194804717, -48.308212558424756, -10, 10), -27.45140869513643], [(-25.108326770522794, -23.068002913235887, -10, 10), 5.498907402641729, 1.98, (25.283359857085173, 22.33540868058379, -10, 10), -36.753563212896985], [(1e-05, 10, 0, -10, 10), 1.69, [-100, 100]]]
1.222424067668672e-10 [[(-1.7216027572893977, -13.445771425417608, -10, 10), 7.438721596530515, 1.98, (44.32879873872461, -46.07356878617771, -10, 10), -22.83082136192648], [(-21.405105693626204, 21.228536059162273, -10, 10), 5.138962942860221, 1.98, (45.481386995555496, -33.60152816197891, -10, 10), -14.006483609489644], [(-27.682867454181814, 18.94718362746183, -10, 10), 8.13804814629021, 1.98, (43.1399920831444, -33.60879429712927, -10, 10), -39.17234101719602], [(1e-05, 10, 0, -10, 10), 1.69, [-100, 100]]]
5.400357096309633e-09 [[(-45.75351620384459, -25.11618802331197, -10, 10), 7.246221262982269, 1.98, (34.06680839881755, -24.08476666167042, -10, 10), -29.516702833789704], [(-18.309855926705964, 46.553481260116214, -10, 10), 8.191386025826121, 1.98, (27.45098060026536, 27.507210909552004, -10, 10), -39.201222684002495], [(37.57890150994192, -42.465415620325956, -10, 10), 2.753215993663185, 1.98, (-4.629177332504952, -34.54291194911182, -10, 10), -8.38042029450193], [(1e-05, 10, 0, -10, 10), 1.69, [-100, 100]]]
8.782635036172629e-08 [[(-24.864956015210005, -17.01606554416365, -10, 10), 7.370936101825539, 1.98, (32.968010595582776, 32.123274150025146, -10, 10), -18.256923649724236], [(10.374853235421877, 46.515600486731444, -10, 10), 1.5151028701066016, 1.98, (25.814311244687538, -28.006026126608518, -10, 10), -39.982874912065434], [(-46.177833837383595, -32.22619829453078, -10, 10), 6.495521356324816, 1.98, (11.869356321164815, 18.831360286851982, -10, 10), -33.087553282541705], [(1e-05, 10, 0, -10, 10), 1.69, [-100, 100]]]
1.1502655942848859e-07 [[(34.6116933780348, -28.19137138723321, -10, 10), 3.43844562867635, 1.98, (39.47504297698624, 22.466993395349956, -10, 10), -25.246374856619653], [(-45.37641562836081, 22.463844146727563, -10, 10), 8.386075047461663, 1.98, (25.094220857068716, 22.522334698465762, -10, 10), -32.28212077777075], [(-22.26093083038777, 23.589854587524574, -10, 10), 6.955384912427888, 1.98, (1.1601840735286473, -13.23485209919194, -10, 10), -13.202229327558884], [(1e-05, 10, 0, -10, 10), 1.69, [-100, 100]]]
5.957566714837051e-07 [[(-18.582201632095074, -13.357329414098373, -10, 10), 7.271902999140655, 1.98, (0.2325155303442239, -25.357451530551433, -10, 10), -37.721692011325125], [(-41.56615055389562, -29.37368660815721, -10, 10), 4.940276914981194, 1.98, (21.884266780570893, -38.23258086927637, -10, 10), -12.583918605091544], [(-23.437213944350233, 30.287129802515157, -10, 10), 8.989247281240761, 1.98, (32.267480794553826, 37.95978500271453, -10, 10), -23.113846313386546], [(1e-05, 10, 0, -10, 10), 1.69, [-100, 100]]]
7.570857260933122e-07 [[(-25.403955272223644, 17.90089316867841, -10, 10), 7.581546268565331, 1.98, (19.061481933354973, 18.833729115687635, -10, 10), -34.4782228651732], [(-19.793788465076055, 22.359551981729496, -10, 10), 3.1158347268176145, 1.98, (-8.9157102613181, -33.38263507010906, -10, 10), -23.81360119378292], [(-33.605774692288314, 23.48317693208265, -10, 10), 3.630606227273756, 1.98, (-10.079659196908452, 18.84897727346837, -10, 10), -12.880044778641247], [(1e-05, 10, 0, -10, 10), 1.69, [-100, 100]]]
8.763182619481188e-07 [[(-21.591407023352293, -40.648039872808496, -10, 10), 1.6951597508602512, 1.98, (-25.51232850082883, -27.291282123253012, -10, 10), -5.60046161276449], [(-48.8912004671576, -26.64789882785611, -10, 10), 7.945600119160499, 1.98, (39.32426124019677, -24.325423721797833, -10, 10), -36.33042602846769], [(37.21189023666624, 48.358053328822116, -10, 10), 1.5219403835000578, 1.98, (48.19646311765885, 43.70543523237337, -10, 10), -11.319629678721048], [(1e-05, 10, 0, -10, 10), 1.69, [-100, 100]]]
1.1462811294528568e-06 [[(-19.459061447033164, -18.79483567920257, -10, 10), 6.683357395318814, 1.98, (10.594262241801978, -26.843381538158628, -10, 10), -27.421898668161028], [(19.502645248157492, -38.14148441995542, -10, 10), 1.1623677068797056, 1.98, (-13.685063695435451, -26.769656191038383, -10, 10), -8.022213146374249], [(-31.849564649673535, 21.50317820607688, -10, 10), 7.8079979090209894, 1.98, (27.62644144090759, -36.33637219735293, -10, 10), -38.04067243122819], [(1e-05, 10, 0, -10, 10), 1.69, [-100, 100]]]
1.672658933199252e-06 [[(-35.45876577908067, -45.3832739087187, -10, 10), 5.836053963493684, 1.98, (15.253515101289416, -15.467065186215423, -10, 10), -27.583201208057467], [(-31.71811938535971, -41.195861998295754, -10, 10), 7.308221318847512, 1.98, (20.063597655210373, -18.501166059772434, -10, 10), -14.947537573962235], [(19.956895729199097, -40.98302037757545, -10, 10), 6.617424392341606, 1.98, (36.3336062706355, 20.598366979365114, -10, 10), -38.263437660492905], [(1e-05, 10, 0, -10, 10), 1.69, [-100, 100]]]
1.7857504387095882e-06 [[(-6.818828976534164, 11.821739579812307, -10, 10), 9.849549463810463, 1.98, (-14.573193695442942, -29.06879368737174, -10, 10), -27.510385063355255], [(-34.200990664934885, 26.6648517876379, -10, 10), 7.754660508266992, 1.98, (19.729866119984685, 18.88403002699607, -10, 10), -38.963266770326555], [(6.19477086864324, 45.39331151757941, -10, 10), 6.045370368747898, 1.98, (40.95239537837963, 32.75179293951249, -10, 10), -9.761589135935399], [(1e-05, 10, 0, -10, 10), 1.69, [-100, 100]]]
2.8814494842061445e-06 [[(-43.937286885665074, -38.53999437186293, -10, 10), 2.118299917009143, 1.98, (-24.919369975203544, 22.681057839877493, -10, 10), -34.278869218763816], [(-45.71043272352551, -46.40601765382488, -10, 10), 8.938490337735566, 1.98, (47.433396277663356, -21.53002376523886, -10, 10), -25.71367950026237], [(-28.00456091385637, -49.84528554132761, -10, 10), 5.330844982214085, 1.98, (34.858723994984544, 20.896301426377583, -10, 10), -38.01672985973863], [(1e-05, 10, 0, -10, 10), 1.69, [-100, 100]]]
3.438791012370409e-06 [[(-47.921205394401255, 44.79758526250269, -10, 10), 3.214903476250046, 1.98, (42.53093569751223, -44.57159026401497, -10, 10), -24.647840110779377], [(-44.415923973995355, 23.02333547038822, -10, 10), 8.666419415467534, 1.98, (-20.87646559097378, 17.306231997488464, -10, 10), -12.932647820079087], [(-39.83427724429451, 26.955374704716885, -10, 10), 9.973190112567291, 1.98, (30.19915213877129, -18.94886677559846, -10, 10), -32.13505271571934], [(1e-05, 10, 0, -10, 10), 1.69, [-100, 100]]]
4.1133924592741635e-06 [[(-25.927619528957756, -37.290293128546004, -10, 10), 2.041283279550039, 1.98, (46.25280769159278, 46.850172026594784, -10, 10), -6.41386340626999], [(-9.616819942940591, 49.45704060160675, -10, 10), 5.264411853035642, 1.98, (46.08166172492042, -25.050351753058962, -10, 10), -16.769599939656715], [(-11.086217153024002, -12.567623133540383, -10, 10), 9.518008801591122, 1.98, (28.205805172145183, -26.090446377646114, -10, 10), -36.06404300487923], [(1e-05, 10, 0, -10, 10), 1.69, [-100, 100]]]
4.240234585607414e-06 [[(-34.47193646531653, -18.403538734369352, -10, 10), 8.18364555030991, 1.98, (13.565373185016616, 17.307928489446013, -10, 10), -34.80168354623211], [(-23.56444221771863, 18.68916928234117, -10, 10), 6.0176397425884005, 1.98, (-20.53589090046073, -28.57797056675192, -10, 10), -16.478589419661294], [(-14.08968043174047, -27.12982299115404, -10, 10), 6.6686946914183, 1.98, (1.7191505929079698, -16.392588330388325, -10, 10), -3.595019864788245], [(1e-05, 10, 0, -10, 10), 1.69, [-100, 100]]]
5.156947389996217e-06 [[(-9.51569119370317, 11.993691768114822, -10, 10), 5.054498460640571, 1.98, (-1.2153240634910634, 25.261568435243255, -10, 10), -34.7990007441237], [(-34.03351218761047, -32.305844154362916, -10, 10), 6.453179066436043, 1.98, (22.571935521610133, 48.05695317035645, -10, 10), -25.493192124171326], [(-48.530212387257656, 22.234822933585228, -10, 10), 8.751116495491152, 1.98, (10.817327456009707, -16.014600468594885, -10, 10), -15.702505873146158], [(1e-05, 10, 0, -10, 10), 1.69, [-100, 100]]]
5.242629823705323e-06 [[(15.959346179729817, 13.544701414951765, -10, 10), 3.898137270980513, 1.98, (15.82682022223193, 34.82596520849411, -10, 10), -6.433431323343637], [(-13.951582017607478, 33.09422359210039, -10, 10), 2.3868627501066753, 1.98, (38.91245422149133, 46.55498329606777, -10, 10), -23.33299979893559], [(-41.90191652175499, -20.260359540752148, -10, 10), 9.766313962557941, 1.98, (11.758953814176131, 24.550897122556158, -10, 10), -39.76551510908755], [(1e-05, 10, 0, -10, 10), 1.69, [-100, 100]]]
8.570328546370595e-06 [[(-32.05344674226127, -39.2230368045, -10, 10), 5.6524519541165485, 1.98, (39.01290655096239, -38.303712360640866, -10, 10), -7.2719666279683075], [(-46.07056702231366, 24.86062970443682, -10, 10), 5.147837675023299, 1.98, (0.7952475555587202, 33.04364962940469, -10, 10), -36.289058137069475], [(-38.68785047927933, 15.708999765395271, -10, 10), 8.377915966631402, 1.98, (-17.012746072612515, 30.73424888486661, -10, 10), -21.944201581039195], [(1e-05, 10, 0, -10, 10), 1.69, [-100, 100]]]
9.127699637043477e-06 [[(-25.58688631685212, 23.36984825120546, -10, 10), 9.3540473209257, 1.98, (-34.99182971470712, -41.90529589983222, -10, 10), -18.482889609314952], [(-22.65985180411373, 17.548467140687574, -10, 10), 7.843680720775181, 1.98, (-28.988005693361995, 43.144034941034725, -10, 10), -37.188182978877244], [(45.31943382465641, 47.438014661875904, -10, 10), 5.960584034960348, 1.98, (47.6033796136093, 19.880082095590822, -10, 10), -26.295282296798977], [(1e-05, 10, 0, -10, 10), 1.69, [-100, 100]]]
1.0461751967167511e-05 [[(0.6420983881007647, -19.641687805317254, -10, 10), 5.8797129140679, 1.98, (2.410846935779798, -48.37311851385901, -10, 10), -18.705382543856025], [(-44.58632175149181, 42.46640556382999, -10, 10), 1.4074849845857451, 1.98, (3.242283548212954, 37.080234618466875, -10, 10), -6.940262431976717], [(-41.41191168688436, -18.900194605323286, -10, 10), 9.094243153656043, 1.98, (23.900992451943793, -22.647182404651524, -10, 10), -32.81669683401383], [(1e-05, 10, 0, -10, 10), 1.69, [-100, 100]]]
1.621904547865034e-05 [[(21.843077862705705, 24.80969729972825, -10, 10), 0.7442172895176391, 1.98, (1.3396477034750776, -12.362976430481554, -10, 10), -6.660568067698234], [(-15.77183862286068, -17.34256370100462, -10, 10), 5.430112501607962, 1.98, (35.77887278848644, 30.127872188403458, -10, 10), -37.122995509844685], [(-13.940967345376231, -28.795817558470993, -10, 10), 7.951038988144639, 1.98, (45.69948005942268, -27.33328026524663, -10, 10), -25.051007010326185], [(1e-05, 10, 0, -10, 10), 1.69, [-100, 100]]]
1.4287233547799079e-09 [[(-35.26691165349547, -23.58517930989943, -10, 10), 6.830783023902994, 1.98, (44.088362231402286, -26.093614908174, -10, 10), -23.593885125659337], [(-36.25663380213453, -22.559142449109526, -10, 10), 9.857130107116976, 1.98, (6.8205550018197725, 43.09875434879263, -10, 10), -33.562304384492215], [(-42.660759318508845, 42.492158957232064, -10, 10), 3.031334303813502, 1.98, (47.91394090119153, -39.39007951742003, -10, 10), -8.393932358349556], [(1e-05, 10, 0, -10, 10), 1.69, [-100, 100]]]
5.620023887655889e-09 [[(10.284604849876711, 18.174708497773217, -10, 10), 1.3831628149913278, 1.98, (5.856795879764965, 49.168131578278896, -10, 10), -3.0546862815926734], [(-45.61439801548781, -39.88060894010847, -10, 10), 8.082259822083945, 1.98, (16.369383607429555, -14.883023396017558, -10, 10), -25.603210107563786], [(-37.75526083961651, -24.5245939150453, -10, 10), 8.561424853024553, 1.98, (20.779530709062634, 32.63820790041009, -10, 10), -39.642349630076254], [(1e-05, 10, 0, -10, 10), 1.69, [-100, 100]]]
1.3531370622462064e-08 [[(0.2663997889729375, -35.73436165343284, -10, 10), 5.58478898560971, 1.98, (45.07354095461519, -24.926566358505596, -10, 10), -31.70801182922788], [(-39.517406747708804, 25.918441607495836, -10, 10), 6.4134823384659745, 1.98, (46.671578236953415, -45.44290305664636, -10, 10), -39.069984442415475], [(-29.501672369538092, 45.82416618206605, -10, 10), 2.0153983215996063, 1.98, (-37.178807924804644, -37.13495691380181, -10, 10), -14.307118123092517], [(1e-05, 10, 0, -10, 10), 1.69, [-100, 100]]]
1.7864355291082523e-08 [[(-42.44716312962055, -35.658170681888066, -10, 10), 4.488945296366273, 1.98, (1.5457632806178512, 41.19884581949312, -10, 10), -32.30482202884637], [(14.904174937697423, 36.541900571612764, -10, 10), 2.2188420668341458, 1.98, (34.73455356102313, 42.4651606385396, -10, 10), -28.005471072955743], [(-27.833835569273603, 23.63954489898782, -10, 10), 7.544890421550479, 1.98, (37.79269428118079, 24.711957946763896, -10, 10), -38.800049334551886], [(1e-05, 10, 0, -10, 10), 1.69, [-100, 100]]]
2.3306414812113217e-08 [[(-34.76974525225528, -18.643689497573114, -10, 10), 7.149005749743472, 1.98, (15.455100454936211, 33.54275275619392, -10, 10), -35.73150536771466], [(-4.407562064978931, -23.47659132509272, -10, 10), 1.15686528107118, 1.98, (6.940617693525719, -39.14575904008625, -10, 10), -11.533012468567597], [(-25.71864049823209, -19.48197228232653, -10, 10), 7.6759395369711925, 1.98, (3.089738881885251, 22.806168460345766, -10, 10), -19.90185321344504], [(1e-05, 10, 0, -10, 10), 1.69, [-100, 100]]]
3.740082026192996e-08 [[(-4.969297985588361, 29.979969205065547, -10, 10), 9.197963877569798, 1.98, (-4.882856347074737, -39.188713784310636, -10, 10), -4.826977098930898], [(-39.28315486076992, -20.613760741136954, -10, 10), 9.520672122040196, 1.98, (43.49227227017675, 26.907411415531868, -10, 10), -34.08294355525899], [(-24.53230715895017, -49.975531338303725, -10, 10), 6.469139558848889, 1.98, (5.646344652685653, 20.803349532663685, -10, 10), -20.125589708021373], [(1e-05, 10, 0, -10, 10), 1.69, [-100, 100]]]
1.6018645560687903e-07 [[(3.1230621419938265, -21.563753406970566, -10, 10), 7.969054405123821, 1.98, (22.95658021085336, -21.30268099499053, -10, 10), -26.704132325889564], [(-30.839444932158834, -26.750961340097668, -10, 10), 8.067450297843848, 1.98, (25.808815131783803, 20.687510141798448, -10, 10), -37.556037643289656], [(-13.28588894862377, 18.65631414420954, -10, 10), 5.6646251662536855, 1.98, (31.341005452456926, -32.20017161938772, -10, 10), -15.883963895858757], [(1e-05, 10, 0, -10, 10), 1.69, [-100, 100]]]
1.766605104610377e-07 [[(-1.2898192663315045, -13.19305887638762, -10, 10), 3.3085291805840455, 1.98, (35.951650600540255, -45.623049634313205, -10, 10), -25.013190083071205], [(-46.86769592722448, -23.90329797683599, -10, 10), 8.419597453798591, 1.98, (45.1578818441521, 30.28699240741467, -10, 10), -35.609886575173334], [(-22.871117596122637, 21.792014041008002, -10, 10), 9.718602883303078, 1.98, (31.552852820200485, 25.389998709475147, -10, 10), -13.522441392966543], [(1e-05, 10, 0, -10, 10), 1.69, [-100, 100]]]
2.2176002559362047e-07 [[(-34.28182361056228, -24.432821877877576, -10, 10), 9.783199258749736, 1.98, (31.76303983453511, 20.348664570864848, -10, 10), -33.63677684251934], [(-27.72929990411922, -37.558720881511455, -10, 10), 9.450106194567526, 1.98, (36.059104022810764, -22.340694282989183, -10, 10), -20.54926157242856], [(35.06161097964694, 28.736326148797108, -10, 10), 1.2414187289793377, 1.98, (-13.064118343469278, 46.58414522242046, -10, 10), -6.546469159335808], [(1e-05, 10, 0, -10, 10), 1.69, [-100, 100]]]
3.4812178578636785e-07 [[(-48.39469011991423, -34.36767261153327, -10, 10), 8.759597371124483, 1.98, (21.073362345823877, -16.29256290502077, -10, 10), -27.103103333840075], [(21.027365718650927, 22.89456406569128, -10, 10), 1.819628151313557, 1.98, (19.083504968467945, 47.93891020455929, -10, 10), -15.528253031258982], [(-45.83135596807084, -47.84036011398619, -10, 10), 4.1838286866356755, 1.98, (46.47217671801219, -28.607400281310248, -10, 10), -35.15281716413636], [(1e-05, 10, 0, -10, 10), 1.69, [-100, 100]]]
4.7681519052016095e-07 [[(-28.49757091475258, 23.838065415674237, -10, 10), 4.3392675857154694, 1.98, (31.460621936395306, -35.6169064899051, -10, 10), -19.524756302312564], [(-44.21508850448445, -18.907985040873566, -10, 10), 8.22786382280444, 1.98, (19.227875600905865, 34.87032721551381, -10, 10), -32.809356565108025], [(2.6820243602798666, -48.941414007587206, -10, 10), 3.2766993039737846, 1.98, (-14.396232356302885, 31.241918891683863, -10, 10), -24.944560267178147], [(1e-05, 10, 0, -10, 10), 1.69, [-100, 100]]]
5.626023940863918e-07 [[(-10.494703652064196, -36.70885442968553, -10, 10), 9.59693477884185, 1.98, (18.79800670013091, -23.639245592478876, -10, 10), -10.789363667741174], [(-9.034814787003532, -35.821358620089825, -10, 10), 7.15326830918362, 1.98, (26.035074721243824, -19.050137958492698, -10, 10), -21.15566280509816], [(-15.602717057962467, -16.968245236437706, -10, 10), 9.597360005287392, 1.98, (45.17557781177638, -29.316368992006513, -10, 10), -39.321084892032445], [(1e-05, 10, 0, -10, 10), 1.69, [-100, 100]]]
5.671910857027122e-07 [[(-41.20367996509358, 21.06747750211364, -10, 10), 7.130011398286314, 1.98, (38.396386888407804, 30.585831210192683, -10, 10), -39.45107580314099], [(-32.83012372683694, 40.599485938443934, -10, 10), 6.120229549841644, 1.98, (-24.798144202531212, -22.50011715507498, -10, 10), -24.248795079298983], [(-13.909680666509805, -44.51719637677686, -10, 10), 5.547395989336326, 1.98, (49.933544338259075, -32.110536777673516, -10, 10), -8.224760429684], [(1e-05, 10, 0, -10, 10), 1.69, [-100, 100]]]
5.903185881833703e-07 [[(-24.024783743097267, -30.68222874611394, -10, 10), 8.328732242620433, 1.98, (33.736551771453136, -21.156061525238744, -10, 10), -39.15692095895499], [(38.392072197287405, 41.54288887063162, -10, 10), 6.840488974502675, 1.98, (-20.443290055657105, -47.86515867658514, -10, 10), -9.127051111646006], [(-33.05177146074786, -19.99543292450291, -10, 10), 8.888411534989945, 1.98, (-3.9211456045333937, -44.03175789922994, -10, 10), -22.751202101233627], [(1e-05, 10, 0, -10, 10), 1.69, [-100, 100]]]
1.0409748408903128e-06 [[(-32.93646071448099, 38.82536881717997, -10, 10), 8.44702744758328, 1.98, (-37.618003650122525, -27.343812617562147, -10, 10), -17.24220281324048], [(-29.09792764303368, 21.599561089153184, -10, 10), 5.168310867411698, 1.98, (8.576824753476775, 32.19192564299711, -10, 10), -26.73668262001838], [(-2.5402361512790184, -11.567465617592498, -10, 10), 8.426913445588175, 1.98, (38.4800629593014, 21.128789213279152, -10, 10), -39.660726722787096], [(1e-05, 10, 0, -10, 10), 1.69, [-100, 100]]]
1.4203594407687985e-06 [[(-45.96083225244306, 26.964045741182254, -10, 10), 5.13970571848851, 1.98, (-34.32015850460638, 36.455704343146635, -10, 10), -5.786612122401842], [(-42.841506991779596, -18.355682856813694, -10, 10), 9.31789087245547, 1.98, (49.072479545866784, -47.301730192210336, -10, 10), -34.41731219167295], [(-28.081104514126444, -20.466945285857573, -10, 10), 6.695966599083391, 1.98, (-19.893867663763565, 20.255678598599193, -10, 10), -14.414900573015641], [(1e-05, 10, 0, -10, 10), 1.69, [-100, 100]]]
1.7923141616012841e-06 [[(32.45875469177286, -42.560670612452675, -10, 10), 0.3554546124058078, 1.98, (-3.6007025052586683, 33.521613141015685, -10, 10), -3.77546663050835], [(-15.716319941714751, -15.735004103852102, -10, 10), 6.73132912261879, 1.98, (18.84529728065648, 18.758227532864534, -10, 10), -34.50524033584758], [(-27.83828995028408, 27.523239748469706, -10, 10), 9.150606189179328, 1.98, (22.12069299284096, -42.882890570567014, -10, 10), -23.015828056341096], [(1e-05, 10, 0, -10, 10), 1.69, [-100, 100]]]
2.07308274584713e-06 [[(-49.73872790849351, -49.48180128186679, -10, 10), 5.5431697075976905, 1.98, (1.3260648716580614, 12.396582474286888, -10, 10), -38.38170677347298], [(-22.262146044009967, -21.16432857752383, -10, 10), 4.853048200951269, 1.98, (2.592938480064, 10.155522444459752, -10, 10), -16.65466395451728], [(-46.3760107765613, 22.28787027654201, -10, 10), 7.777215799483537, 1.98, (49.60415864677845, -32.34591385166671, -10, 10), -26.23037082419182], [(1e-05, 10, 0, -10, 10), 1.69, [-100, 100]]]
3.1746080097463417e-06 [[(-44.933815496705606, 39.36776285295881, -10, 10), 2.5850206291267708, 1.98, (-19.929130290547803, 30.1811343404488, -10, 10), -3.5420194063046915], [(-20.239592175098952, -13.753587693718504, -10, 10), 9.1064160755399, 1.98, (7.352881912976117, 42.076349580966834, -10, 10), -33.50913708840584], [(-33.79300206355771, 21.106696370991873, -10, 10), 7.16195094087551, 1.98, (-2.7987026059706377, 10.788586791396304, -10, 10), -21.952431589201474], [(1e-05, 10, 0, -10, 10), 1.69, [-100, 100]]]
3.688854720610532e-06 [[(-40.542095966101655, -39.04907843179154, -10, 10), 2.42432372278252, 1.98, (-3.7277083591483295, -34.685089016862456, -10, 10), -28.907589758672607], [(-27.983265869170793, 29.079842258217937, -10, 10), 8.447418352045094, 1.98, (32.1465630320974, -19.03782524075647, -10, 10), -39.20469755403082], [(0.731820370597247, -10.685824095096974, -10, 10), 6.610076141971295, 1.98, (46.442705563798846, -38.45276567625778, -10, 10), -10.503702543275761], [(1e-05, 10, 0, -10, 10), 1.69, [-100, 100]]]
6.917451537748184e-11 [[(-38.10298861625036, 20.571935375541763, -10, 10), 6.444942141582857, 1.98, (41.068075424377405, 49.059409922862926, -10, 10), -36.58653387886594], [(-18.363750583940288, 15.008829078775642, -10, 10), 9.791942388071869, 1.98, (29.264554470695124, -43.8037702583102, -10, 10), -26.333429943627205], [(34.58971014286312, 14.547927269447158, -10, 10), 6.977711610626642, 1.98, (32.69099317928078, -45.932637770753836, -10, 10), -7.597018898287273], [(1e-05, 10, 0, -10, 10), 1.69, [-100, 100]]]
1.1365912846139502e-10 [[(-30.131715710162933, 19.110078471553383, -10, 10), 6.753171618568034, 1.98, (33.501170124223336, 42.01287173855582, -10, 10), -10.402173046951892], [(-48.12534487169048, 48.41498202468056, -10, 10), 8.640844202318444, 1.98, (1.9727140505815033, -19.428122474236076, -10, 10), -19.57913251146051], [(-43.26106542373385, -22.84339487438669, -10, 10), 9.418005408945692, 1.98, (44.27110945452621, 30.791522646577995, -10, 10), -37.00856019453989], [(1e-05, 10, 0, -10, 10), 1.69, [-100, 100]]]
1.2328326932250117e-09 [[(-31.009541180312773, 20.602117402430263, -10, 10), 7.805692051277706, 1.98, (40.46480158506016, 28.05945166210131, -10, 10), -37.739174542909176], [(-15.146559698875473, 25.220264453154893, -10, 10), 1.8650145756680914, 1.98, (-2.9922717843008595, 46.94567415734835, -10, 10), -12.60305508932925], [(-31.676809707251962, -44.216915566197336, -10, 10), 3.0586166865354647, 1.98, (8.272640243714491, -42.64728557221733, -10, 10), -25.888322775060054], [(1e-05, 10, 0, -10, 10), 1.69, [-100, 100]]]
3.835246344498931e-08 [[(-23.746629538301555, 15.625898721522491, -10, 10), 7.571669417658953, 1.98, (-46.43170279433642, 28.819723384208718, -10, 10), -12.937836380824146], [(-16.082131629760234, -20.78096310015506, -10, 10), 5.250798238731134, 1.98, (2.4262376777294703, -33.25800449334573, -10, 10), -27.30172082747227], [(-47.77199008073422, -23.767421986088856, -10, 10), 5.409285322392224, 1.98, (12.834742299564784, 29.898897829949355, -10, 10), -38.5707323844666], [(1e-05, 10, 0, -10, 10), 1.69, [-100, 100]]]
4.038735734326386e-08 [[(-42.61032786913253, -28.852442506510222, -10, 10), 8.376733473793344, 1.98, (38.52905552044532, -22.814988047316444, -10, 10), -30.08667275136741], [(-0.570430740015182, -23.823974055462138, -10, 10), 4.873744135439642, 1.98, (33.69747363338506, -29.11127671596668, -10, 10), -38.79264715243647], [(-40.915066162527914, -30.897602103752607, -10, 10), 8.08583335329663, 1.98, (-27.69092415407275, -39.94031686537163, -10, 10), -10.834165635308333], [(1e-05, 10, 0, -10, 10), 1.69, [-100, 100]]]
4.408864489457238e-08 [[(-33.42078526961886, -49.71172581353904, -10, 10), 5.819087530671356, 1.98, (41.002980613537986, 20.74544966845815, -10, 10), -18.8235137866563], [(-36.621780180675856, 24.854690350023667, -10, 10), 8.902394197280824, 1.98, (30.845836127208482, 23.17881417746093, -10, 10), -34.88019660667527], [(-44.289174622655494, -33.344098865344954, -10, 10), 1.781518567550604, 1.98, (-4.562976490362692, 21.42785880752516, -10, 10), -13.141333443862537], [(1e-05, 10, 0, -10, 10), 1.69, [-100, 100]]]
4.8002405685078675e-08 [[(-48.28395513882505, 20.288707704577902, -10, 10), 7.207811834392912, 1.98, (-12.11545202505253, 36.94082672737296, -10, 10), -38.195907622372786], [(23.776065314525574, -43.089391486753804, -10, 10), 3.562914525851182, 1.98, (20.76652519278992, -48.850093151678344, -10, 10), -29.208853157956565], [(-25.072708294159163, 14.339582841771293, -10, 10), 9.553337399173001, 1.98, (-11.532318723144186, 46.557059930398815, -10, 10), -16.371323320780437], [(1e-05, 10, 0, -10, 10), 1.69, [-100, 100]]]
1.213809805716227e-07 [[(18.377086953282106, 40.11043140080779, -10, 10), 5.628172122130486, 1.98, (48.760783490253864, -26.42232730307905, -10, 10), -15.543678339307226], [(-47.3999585549166, 29.64130854341086, -10, 10), 6.360015389537706, 1.98, (-47.897456168926475, 44.77656795397967, -10, 10), -29.372391806391192], [(-43.27242834484563, -30.611694156823276, -10, 10), 6.9587677637133005, 1.98, (18.485808928197667, 16.76702029529299, -10, 10), -39.30585209602377], [(1e-05, 10, 0, -10, 10), 1.69, [-100, 100]]]
1.571605532761844e-07 [[(15.948334073751946, 33.185174425155864, -10, 10), 5.750481921111705, 1.98, (22.50286947347958, -17.334949218347685, -10, 10), -38.99499384609702], [(-40.03867584811426, -20.217649884873435, -10, 10), 4.55507217025805, 1.98, (-32.09141597074626, 43.33159425169121, -10, 10), -31.52797866306392], [(-40.76682157644449, 44.732926496852784, -10, 10), 9.897926193956042, 1.98, (14.512781522316054, -32.95443699730318, -10, 10), -17.88245570816451], [(1e-05, 10, 0, -10, 10), 1.69, [-100, 100]]]
2.375524565440094e-07 [[(-27.467069032055548, -38.644393223914584, -10, 10), 5.196229472117421, 1.98, (40.76095357780274, -33.63958225252621, -10, 10), -37.03772647887022], [(12.474354191921256, -20.527771311884525, -10, 10), 0.8856263394465702, 1.98, (26.915520200432596, -29.919132525667568, -10, 10), -18.835858002252134], [(-44.96809631380029, 28.39496060507708, -10, 10), 7.350527021766613, 1.98, (40.71641346919661, -22.10558848689227, -10, 10), -28.4684463043207], [(1e-05, 10, 0, -10, 10), 1.69, [-100, 100]]]
2.832429339826974e-07 [[(-48.008550951495245, -23.04573148293787, -10, 10), 7.79932286754959, 1.98, (0.6694931879120403, -24.60978673197407, -10, 10), -20.965302825708605], [(-49.53398079343333, 35.263885790070546, -10, 10), 6.79947731792113, 1.98, (45.93621685940168, 27.714164243400084, -10, 10), -37.611561900719884], [(-9.804543686585188, 26.755889706814063, -10, 10), 2.9969936170954337, 1.98, (40.409944218204366, 43.782410951903636, -10, 10), -10.85351007205618], [(1e-05, 10, 0, -10, 10), 1.69, [-100, 100]]]
3.6598519594641135e-07 [[(-26.609699487657046, 38.46956338262477, -10, 10), 5.905292534881816, 1.98, (23.027804382604412, -19.431303842022206, -10, 10), -18.618885015724167], [(-30.280582626214148, -38.658041282450995, -10, 10), 1.561222056295004, 1.98, (-3.183056369473436, -23.551754659906088, -10, 10), -4.613503889767377], [(-37.43988826534375, -20.505285674060115, -10, 10), 9.10543238861271, 1.98, (23.896511405865585, 20.43379772944568, -10, 10), -29.180278493539724], [(1e-05, 10, 0, -10, 10), 1.69, [-100, 100]]]
4.333744222091979e-07 [[(-35.818454902099596, -44.42006956873171, -10, 10), 4.909619612605898, 1.98, (-2.4878868984814284, 16.12357019722491, -10, 10), -29.756286205415805], [(-32.57025199666792, -44.46831700645406, -10, 10), 6.776305045100273, 1.98, (39.32633522989361, -21.02943784135024, -10, 10), -17.823593823036344], [(-26.186997416961923, 19.719368097539693, -10, 10), 6.1630907286170755, 1.98, (46.0486681805516, -31.2374237397962, -10, 10), -38.17893671975445], [(1e-05, 10, 0, -10, 10), 1.69, [-100, 100]]]
6.162567991852252e-07 [[(30.255953600128127, -48.928107336296634, -10, 10), 0.10875895015457271, 1.98, (-11.505311414077346, 14.706366078178823, -10, 10), -4.79204614057458], [(-43.50159883304781, 19.50424298940692, -10, 10), 8.296416037029218, 1.98, (-0.5108960343384039, -49.255013839304354, -10, 10), -30.174145935770426], [(-40.71829575135487, 34.315530491377956, -10, 10), 6.014394753768482, 1.98, (48.96959257076616, 24.663465363855806, -10, 10), -20.88101833123986], [(1e-05, 10, 0, -10, 10), 1.69, [-100, 100]]]
6.22642799404293e-07 [[(-49.98393607979872, 29.669460052965636, -10, 10), 6.296531308264899, 1.98, (15.833925382164281, 16.510770060048763, -10, 10), -38.06980685049321], [(-28.882135924946105, 23.490698422703783, -10, 10), 9.835985184374618, 1.98, (46.062753940885614, 24.0140837543657, -10, 10), -16.64653328334873], [(-9.66394898999936, -35.634556429149434, -10, 10), 1.8881552624349696, 1.98, (4.141975668490073, 15.239219328107778, -10, 10), -6.023557499155735], [(1e-05, 10, 0, -10, 10), 1.69, [-100, 100]]]
6.712091749987183e-07 [[(-5.14165625555596, -17.097752741406534, -10, 10), 3.6388860930773315, 1.98, (10.686669149996197, -19.934769738946457, -10, 10), -38.86725105126113], [(-46.30615308478349, -22.55815800963835, -10, 10), 6.042811807888489, 1.98, (-47.17244621365233, -36.40252179117457, -10, 10), -26.763042708318704], [(5.152169033321529, -45.466265106951155, -10, 10), 5.239667293467942, 1.98, (39.98361980838301, -22.761457810635342, -10, 10), -33.59727948942802], [(1e-05, 10, 0, -10, 10), 1.69, [-100, 100]]]
8.264714833882574e-07 [[(-11.848345947712746, -43.003792614549916, -10, 10), 7.361815832240626, 1.98, (45.19512116751423, -27.48146237599236, -10, 10), -35.56379226526986], [(-28.52234907003295, 23.239643806233634, -10, 10), 6.01523797317795, 1.98, (24.536583028667724, 23.162932927547132, -10, 10), -23.163767422548425], [(-28.62111782196839, -16.82053021898672, -10, 10), 9.845799123527247, 1.98, (44.86169446368683, 38.1687227773289, -10, 10), -14.156586856791991], [(1e-05, 10, 0, -10, 10), 1.69, [-100, 100]]]
9.338137343821344e-07 [[(-35.51477335575252, 41.71465559255027, -10, 10), 6.633730094383921, 1.98, (-40.875502558349744, 41.9368211028875, -10, 10), -22.012199709115446], [(-31.029042670110552, -21.156666684465254, -10, 10), 9.969385189380674, 1.98, (49.84031570060823, 25.845183031379882, -10, 10), -36.47620295615014], [(-39.158788793982445, 20.16303832319717, -10, 10), 6.437979059760179, 1.98, (-21.274847494783256, 33.05995458044869, -10, 10), -8.59397169476337], [(1e-05, 10, 0, -10, 10), 1.69, [-100, 100]]]
1.3635459750457628e-06 [[(-29.11933700942685, -22.907000167775116, -10, 10), 5.641767675947003, 1.98, (-20.898804493652744, -32.40882287280559, -10, 10), -38.122942898177165], [(-43.76003405817849, 42.69017846759381, -10, 10), 7.365465170461876, 1.98, (26.614297543913, -17.219568059907964, -10, 10), -30.270905437235136], [(-41.79992792279322, -23.244620771229673, -10, 10), 3.3912479244768723, 1.98, (-40.20681063692266, 26.31520019912771, -10, 10), -17.795486683330203], [(1e-05, 10, 0, -10, 10), 1.69, [-100, 100]]]
1.6326256688984423e-06 [[(-23.55494728701619, 33.415798077871926, -10, 10), 6.4182708236739465, 1.98, (35.416903736814874, 21.13195914896312, -10, 10), -20.781479964086262], [(-33.13322423606674, -22.625717180150318, -10, 10), 5.5868372655320675, 1.98, (20.579525506823394, 24.044359013665385, -10, 10), -5.453743785412505], [(-39.63745481043767, 33.45953302960768, -10, 10), 8.430611637830744, 1.98, (47.47356635812234, 28.53937433975613, -10, 10), -39.22385095607793], [(1e-05, 10, 0, -10, 10), 1.69, [-100, 100]]]
