0.55465088681087 [[(-42.977674211698904, -13.10769909248548, -10, 10), 6.7727181833110155, 1.98, (-42.977674211698904, -13.10769909248548, -10, 10), -39.568814539644485], [(1e-05, 10, 0, -10, 10), 1.69, [-100, 100]]]
0.5815985138727534 [[(22.866618730561193, -10.618656252414848, -10, 10), 0.14299824129347494, 1.98, (22.866618730561193, -10.618656252414848, -10, 10), -36.652551975764], [(1e-05, 10, 0, -10, 10), 1.69, [-100, 100]]]
0.6305856409716496 [[(42.045159732360574, 49.74512366944721, -10, 10), 7.865644290751071, 1.98, (42.045159732360574, 49.74512366944721, -10, 10), -37.005453766134025], [(1e-05, 10, 0, -10, 10), 1.69, [-100, 100]]]
0.6411734470407885 [[(36.122769967221494, -28.248661730870516, -10, 10), 0.26327858315436936, 1.98, (36.122769967221494, -28.248661730870516, -10, 10), -39.45855797473947], [(1e-05, 10, 0, -10, 10), 1.69, [-100, 100]]]
0.6430779707015079 [[(26.098603350727203, -41.01990726634237, -10, 10), 5.811236237406645, 1.98, (26.098603350727203, -41.01990726634237, -10, 10), -39.51194797781242], [(1e-05, 10, 0, -10, 10), 1.69, [-100, 100]]]
0.6457273608238296 [[(48.660225680433186, -40.34285759697713, -10, 10), 5.256754329932011, 1.98, (48.660225680433186, -40.34285759697713, -10, 10), -36.85938299290453], [(1e-05, 10, 0, -10, 10), 1.69, [-100, 100]]]
0.6461487225847916 [[(18.696256604641913, 49.88652468457355, -10, 10), 8.15887594376454, 1.98, (18.696256604641913, 49.88652468457355, -10, 10), -37.241638642653385], [(1e-05, 10, 0, -10, 10), 1.69, [-100, 100]]]
0.6471260491623252 [[(-2.8029027758578517, -38.54488209691782, -10, 10), 9.100145874186476, 1.98, (-2.8029027758578517, -38.54488209691782, -10, 10), -39.10763879586358], [(1e-05, 10, 0, -10, 10), 1.69, [-100, 100]]]
0.6503966966088376 [[(33.04136114417426, -23.790974936591837, -10, 10), 3.4893176509433133, 1.98, (33.04136114417426, -23.790974936591837, -10, 10), -39.52360740054669], [(1e-05, 10, 0, -10, 10), 1.69, [-100, 100]]]
0.6504316330921753 [[(26.846551420352903, 19.516575766260424, -10, 10), 0.1685235861860268, 1.98, (26.846551420352903, 19.516575766260424, -10, 10), -38.69715657212133], [(1e-05, 10, 0, -10, 10), 1.69, [-100, 100]]]
0.6547072440027711 [[(-21.953664141125863, 38.11549233706222, -10, 10), 4.730874212319447, 1.98, (-21.953664141125863, 38.11549233706222, -10, 10), -39.7888946761115], [(1e-05, 10, 0, -10, 10), 1.69, [-100, 100]]]
0.6559923869854698 [[(25.035930584250632, 48.58908200195211, -10, 10), 7.211330567570062, 1.98, (25.035930584250632, 48.58908200195211, -10, 10), -36.85864047915115], [(1e-05, 10, 0, -10, 10), 1.69, [-100, 100]]]
0.6573774879577925 [[(26.187081552933723, 12.120397359316604, -10, 10), 1.8743467066889208, 1.98, (26.187081552933723, 12.120397359316604, -10, 10), -28.00339689555853], [(1e-05, 10, 0, -10, 10), 1.69, [-100, 100]]]
0.6595749218060505 [[(30.092391976548495, 47.917449311272065, -10, 10), 5.000209847056953, 1.98, (30.092391976548495, 47.917449311272065, -10, 10), -39.26790720780803], [(1e-05, 10, 0, -10, 10), 1.69, [-100, 100]]]
0.6612308775942053 [[(26.253909916604968, 40.96879887202132, -10, 10), 5.226662556795949, 1.98, (26.253909916604968, 40.96879887202132, -10, 10), -38.31774845131413], [(1e-05, 10, 0, -10, 10), 1.69, [-100, 100]]]
0.6773701530330702 [[(-4.8602985100143385, 31.961441174893746, -10, 10), 8.43683338191752, 1.98, (-4.8602985100143385, 31.961441174893746, -10, 10), -37.06507057114122], [(1e-05, 10, 0, -10, 10), 1.69, [-100, 100]]]
0.6777989786418731 [[(-4.856115575948827, -38.156472189695755, -10, 10), 2.062121085465678, 1.98, (-4.856115575948827, -38.156472189695755, -10, 10), -37.52238335453416], [(1e-05, 10, 0, -10, 10), 1.69, [-100, 100]]]
0.6785707191263904 [[(-43.92555078465633, -40.62675045421672, -10, 10), 8.097868845381772, 1.98, (-43.92555078465633, -40.62675045421672, -10, 10), -35.65975322307308], [(1e-05, 10, 0, -10, 10), 1.69, [-100, 100]]]
0.6791699922334133 [[(33.22213741229895, -37.49905497924904, -10, 10), 3.413033409788957, 1.98, (33.22213741229895, -37.49905497924904, -10, 10), -36.66401402987613], [(1e-05, 10, 0, -10, 10), 1.69, [-100, 100]]]
0.6793826643172386 [[(10.5691172964948, -37.18828124134833, -10, 10), 9.328027529520442, 1.98, (10.5691172964948, -37.18828124134833, -10, 10), -32.438197658630905], [(1e-05, 10, 0, -10, 10), 1.69, [-100, 100]]]
0.55465088681087 [[(-42.977674211698904, -13.10769909248548, -10, 10), 6.7727181833110155, 1.98, (-42.977674211698904, -13.10769909248548, -10, 10), -39.568814539644485], [(1e-05, 10, 0, -10, 10), 1.69, [-100, 100]]]
0.5815985138727534 [[(22.866618730561193, -10.618656252414848, -10, 10), 0.14299824129347494, 1.98, (22.866618730561193, -10.618656252414848, -10, 10), -36.652551975764], [(1e-05, 10, 0, -10, 10), 1.69, [-100, 100]]]
0.6305856409716496 [[(42.045159732360574, 49.74512366944721, -10, 10), 7.865644290751071, 1.98, (42.045159732360574, 49.74512366944721, -10, 10), -37.005453766134025], [(1e-05, 10, 0, -10, 10), 1.69, [-100, 100]]]
0.6411734470407885 [[(36.122769967221494, -28.248661730870516, -10, 10), 0.26327858315436936, 1.98, (36.122769967221494, -28.248661730870516, -10, 10), -39.45855797473947], [(1e-05, 10, 0, -10, 10), 1.69, [-100, 100]]]
0.6430779707015079 [[(26.098603350727203, -41.01990726634237, -10, 10), 5.811236237406645, 1.98, (26.098603350727203, -41.01990726634237, -10, 10), -39.51194797781242], [(1e-05, 10, 0, -10, 10), 1.69, [-100, 100]]]
0.6457273608238296 [[(48.660225680433186, -40.34285759697713, -10, 10), 5.256754329932011, 1.98, (48.660225680433186, -40.34285759697713, -10, 10), -36.85938299290453], [(1e-05, 10, 0, -10, 10), 1.69, [-100, 100]]]
0.6461487225847916 [[(18.696256604641913, 49.88652468457355, -10, 10), 8.15887594376454, 1.98, (18.696256604641913, 49.88652468457355, -10, 10), -37.241638642653385], [(1e-05, 10, 0, -10, 10), 1.69, [-100, 100]]]
0.6471260491623252 [[(-2.8029027758578517, -38.54488209691782, -10, 10), 9.100145874186476, 1.98, (-2.8029027758578517, -38.54488209691782, -10, 10), -39.10763879586358], [(1e-05, 10, 0, -10, 10), 1.69, [-100, 100]]]
0.6503966966088376 [[(33.04136114417426, -23.790974936591837, -10, 10), 3.4893176509433133, 1.98, (33.04136114417426, -23.790974936591837, -10, 10), -39.52360740054669], [(1e-05, 10, 0, -10, 10), 1.69, [-100, 100]]]
0.6504316330921753 [[(26.846551420352903, 19.516575766260424, -10, 10), 0.1685235861860268, 1.98, (26.846551420352903, 19.516575766260424, -10, 10), -38.69715657212133], [(1e-05, 10, 0, -10, 10), 1.69, [-100, 100]]]
0.6547072440027711 [[(-21.953664141125863, 38.11549233706222, -10, 10), 4.730874212319447, 1.98, (-21.953664141125863, 38.11549233706222, -10, 10), -39.7888946761115], [(1e-05, 10, 0, -10, 10), 1.69, [-100, 100]]]
0.6559923869854698 [[(25.035930584250632, 48.58908200195211, -10, 10), 7.211330567570062, 1.98, (25.035930584250632, 48.58908200195211, -10, 10), -36.85864047915115], [(1e-05, 10, 0, -10, 10), 1.69, [-100, 100]]]
0.6573774879577925 [[(26.187081552933723, 12.120397359316604, -10, 10), 1.8743467066889208, 1.98, (26.187081552933723, 12.120397359316604, -10, 10), -28.00339689555853], [(1e-05, 10, 0, -10, 10), 1.69, [-100, 100]]]
0.6595749218060505 [[(30.092391976548495, 47.917449311272065, -10, 10), 5.000209847056953, 1.98, (30.092391976548495, 47.917449311272065, -10, 10), -39.26790720780803], [(1e-05, 10, 0, -10, 10), 1.69, [-100, 100]]]
0.6612308775942053 [[(26.253909916604968, 40.96879887202132, -10, 10), 5.226662556795949, 1.98, (26.253909916604968, 40.96879887202132, -10, 10), -38.31774845131413], [(1e-05, 10, 0, -10, 10), 1.69, [-100, 100]]]
0.6773701530330702 [[(-4.8602985100143385, 31.961441174893746, -10, 10), 8.43683338191752, 1.98, (-4.8602985100143385, 31.961441174893746, -10, 10), -37.06507057114122], [(1e-05, 10, 0, -10, 10), 1.69, [-100, 100]]]
0.6777989786418731 [[(-4.856115575948827, -38.156472189695755, -10, 10), 2.062121085465678, 1.98, (-4.856115575948827, -38.156472189695755, -10, 10), -37.52238335453416], [(1e-05, 10, 0, -10, 10), 1.69, [-100, 100]]]
0.6785707191263904 [[(-43.92555078465633, -40.62675045421672, -10, 10), 8.097868845381772, 1.98, (-43.92555078465633, -40.62675045421672, -10, 10), -35.65975322307308], [(1e-05, 10, 0, -10, 10), 1.69, [-100, 100]]]
0.6791699922334133 [[(33.22213741229895, -37.49905497924904, -10, 10), 3.413033409788957, 1.98, (33.22213741229895, -37.49905497924904, -10, 10), -36.66401402987613], [(1e-05, 10, 0, -10, 10), 1.69, [-100, 100]]]
0.6793826643172386 [[(10.5691172964948, -37.18828124134833, -10, 10), 9.328027529520442, 1.98, (10.5691172964948, -37.18828124134833, -10, 10), -32.438197658630905], [(1e-05, 10, 0, -10, 10), 1.69, [-100, 100]]]
0.55465088681087 [[(-42.977674211698904, -13.10769909248548, -10, 10), 6.7727181833110155, 1.98, (-42.977674211698904, -13.10769909248548, -10, 10), -39.568814539644485], [(1e-05, 10, 0, -10, 10), 1.69, [-100, 100]]]
0.5815985138727534 [[(22.866618730561193, -10.618656252414848, -10, 10), 0.14299824129347494, 1.98, (22.866618730561193, -10.618656252414848, -10, 10), -36.652551975764], [(1e-05, 10, 0, -10, 10), 1.69, [-100, 100]]]
0.6305856409716496 [[(42.045159732360574, 49.74512366944721, -10, 10), 7.865644290751071, 1.98, (42.045159732360574, 49.74512366944721, -10, 10), -37.005453766134025], [(1e-05, 10, 0, -10, 10), 1.69, [-100, 100]]]
0.6411734470407885 [[(36.122769967221494, -28.248661730870516, -10, 10), 0.26327858315436936, 1.98, (36.122769967221494, -28.248661730870516, -10, 10), -39.45855797473947], [(1e-05, 10, 0, -10, 10), 1.69, [-100, 100]]]
0.6430779707015079 [[(26.098603350727203, -41.01990726634237, -10, 10), 5.811236237406645, 1.98, (26.098603350727203, -41.01990726634237, -10, 10), -39.51194797781242], [(1e-05, 10, 0, -10, 10), 1.69, [-100, 100]]]
0.6457273608238296 [[(48.660225680433186, -40.34285759697713, -10, 10), 5.256754329932011, 1.98, (48.660225680433186, -40.34285759697713, -10, 10), -36.85938299290453], [(1e-05, 10, 0, -10, 10), 1.69, [-100, 100]]]
0.6461487225847916 [[(18.696256604641913, 49.88652468457355, -10, 10), 8.15887594376454, 1.98, (18.696256604641913, 49.88652468457355, -10, 10), -37.241638642653385], [(1e-05, 10, 0, -10, 10), 1.69, [-100, 100]]]
0.6471260491623252 [[(-2.8029027758578517, -38.54488209691782, -10, 10), 9.100145874186476, 1.98, (-2.8029027758578517, -38.54488209691782, -10, 10), -39.10763879586358], [(1e-05, 10, 0, -10, 10), 1.69, [-100, 100]]]
0.6503966966088376 [[(33.04136114417426, -23.790974936591837, -10, 10), 3.4893176509433133, 1.98, (33.04136114417426, -23.790974936591837, -10, 10), -39.52360740054669], [(1e-05, 10, 0, -10, 10), 1.69, [-100, 100]]]
0.6504316330921753 [[(26.846551420352903, 19.516575766260424, -10, 10), 0.1685235861860268, 1.98, (26.846551420352903, 19.516575766260424, -10, 10), -38.69715657212133], [(1e-05, 10, 0, -10, 10), 1.69, [-100, 100]]]
0.6547072440027711 [[(-21.953664141125863, 38.11549233706222, -10, 10), 4.730874212319447, 1.98, (-21.953664141125863, 38.11549233706222, -10, 10), -39.7888946761115], [(1e-05, 10, 0, -10, 10), 1.69, [-100, 100]]]
0.6559923869854698 [[(25.035930584250632, 48.58908200195211, -10, 10), 7.211330567570062, 1.98, (25.035930584250632, 48.58908200195211, -10, 10), -36.85864047915115], [(1e-05, 10, 0, -10, 10), 1.69, [-100, 100]]]
0.6573774879577925 [[(26.187081552933723, 12.120397359316604, -10, 10), 1.8743467066889208, 1.98, (26.187081552933723, 12.120397359316604, -10, 10), -28.00339689555853], [(1e-05, 10, 0, -10, 10), 1.69, [-100, 100]]]
0.6595749218060505 [[(30.092391976548495, 47.917449311272065, -10, 10), 5.000209847056953, 1.98, (30.092391976548495, 47.917449311272065, -10, 10), -39.26790720780803], [(1e-05, 10, 0, -10, 10), 1.69, [-100, 100]]]
0.6612308775942053 [[(26.253909916604968, 40.96879887202132, -10, 10), 5.226662556795949, 1.98, (26.253909916604968, 40.96879887202132, -10, 10), -38.31774845131413], [(1e-05, 10, 0, -10, 10), 1.69, [-100, 100]]]
0.6773701530330702 [[(-4.8602985100143385, 31.961441174893746, -10, 10), 8.43683338191752, 1.98, (-4.8602985100143385, 31.961441174893746, -10, 10), -37.06507057114122], [(1e-05, 10, 0, -10, 10), 1.69, [-100, 100]]]
0.6777989786418731 [[(-4.856115575948827, -38.156472189695755, -10, 10), 2.062121085465678, 1.98, (-4.856115575948827, -38.156472189695755, -10, 10), -37.52238335453416], [(1e-05, 10, 0, -10, 10), 1.69, [-100, 100]]]
0.6785707191263904 [[(-43.92555078465633, -40.62675045421672, -10, 10), 8.097868845381772, 1.98, (-43.92555078465633, -40.62675045421672, -10, 10), -35.65975322307308], [(1e-05, 10, 0, -10, 10), 1.69, [-100, 100]]]
0.6791699922334133 [[(33.22213741229895, -37.49905497924904, -10, 10), 3.413033409788957, 1.98, (33.22213741229895, -37.49905497924904, -10, 10), -36.66401402987613], [(1e-05, 10, 0, -10, 10), 1.69, [-100, 100]]]
0.6793826643172386 [[(10.5691172964948, -37.18828124134833, -10, 10), 9.328027529520442, 1.98, (10.5691172964948, -37.18828124134833, -10, 10), -32.438197658630905], [(1e-05, 10, 0, -10, 10), 1.69, [-100, 100]]]
0.4174093725203049 [[(45.5032362193877, -11.052574262859372, -10, 10), 0.814181983530371, 1.98, (45.5032362193877, -11.052574262859372, -10, 10), -35.03558863999913], [(1e-05, 10, 0, -10, 10), 1.69, [-100, 100]]]
0.41841207621982146 [[(-30.47262658399752, 11.584682881509345, -10, 10), 9.651115093111532, 1.98, (-30.47262658399752, 11.584682881509345, -10, 10), -39.75908806878551], [(1e-05, 10, 0, -10, 10), 1.69, [-100, 100]]]
0.42067067991867557 [[(33.6046429004803, 10.450696981462348, -10, 10), 1.2626745247226911, 1.98, (33.6046429004803, 10.450696981462348, -10, 10), -36.112684269550606], [(1e-05, 10, 0, -10, 10), 1.69, [-100, 100]]]
0.4316441145209967 [[(36.47244380991219, -10.661834757562527, -10, 10), 1.5493378063112995, 1.98, (36.47244380991219, -10.661834757562527, -10, 10), -35.1370709229494], [(1e-05, 10, 0, -10, 10), 1.69, [-100, 100]]]
0.4330033070713956 [[(-44.5852405040449, -13.945846814752215, -10, 10), 8.987233945827487, 1.98, (-44.5852405040449, -13.945846814752215, -10, 10), -38.436036334267], [(1e-05, 10, 0, -10, 10), 1.69, [-100, 100]]]
0.43683085838788277 [[(-24.810233752787646, -10.531009111987222, -10, 10), 8.620220820850564, 1.98, (-24.810233752787646, -10.531009111987222, -10, 10), -39.87159014193919], [(1e-05, 10, 0, -10, 10), 1.69, [-100, 100]]]
0.4369643867080774 [[(42.996577296908136, -10.032677216426123, -10, 10), 1.5283094161215227, 1.98, (42.996577296908136, -10.032677216426123, -10, 10), -36.176966762788076], [(1e-05, 10, 0, -10, 10), 1.69, [-100, 100]]]
0.44018972052972066 [[(36.38093335057982, 12.340065447283644, -10, 10), 1.541748947169117, 1.98, (36.38093335057982, 12.340065447283644, -10, 10), -39.85615496126532], [(1e-05, 10, 0, -10, 10), 1.69, [-100, 100]]]
0.44222591538394757 [[(-18.84897623847407, -10.294160327065406, -10, 10), 9.98738395516838, 1.98, (-18.84897623847407, -10.294160327065406, -10, 10), -38.7883165957671], [(1e-05, 10, 0, -10, 10), 1.69, [-100, 100]]]
0.44279759188918894 [[(-29.496918419407635, 12.287805894579872, -10, 10), 9.99736974863814, 1.98, (-29.496918419407635, 12.287805894579872, -10, 10), -35.220525817247186], [(1e-05, 10, 0, -10, 10), 1.69, [-100, 100]]]
0.44882436824660543 [[(48.05066111780009, -12.15990283550099, -10, 10), 0.9618950684085781, 1.98, (48.05066111780009, -12.15990283550099, -10, 10), -39.13149203550601], [(1e-05, 10, 0, -10, 10), 1.69, [-100, 100]]]
0.44945073825169246 [[(29.63603285981884, 10.400893332448657, -10, 10), 1.0751443057696486, 1.98, (29.63603285981884, 10.400893332448657, -10, 10), -37.28727314604415], [(1e-05, 10, 0, -10, 10), 1.69, [-100, 100]]]
0.45062248982677267 [[(-46.10022263823481, 14.485869149601193, -10, 10), 9.283769232664019, 1.98, (-46.10022263823481, 14.485869149601193, -10, 10), -36.019225664401816], [(1e-05, 10, 0, -10, 10), 1.69, [-100, 100]]]
0.4509521283619279 [[(38.84703695006028, 13.294684116411803, -10, 10), 1.4794237072908767, 1.98, (38.84703695006028, 13.294684116411803, -10, 10), -38.618917736242615], [(1e-05, 10, 0, -10, 10), 1.69, [-100, 100]]]
0.4532154196807974 [[(-39.990454675190115, 12.269778203686087, -10, 10), 7.860512497048784, 1.98, (-39.990454675190115, 12.269778203686087, -10, 10), -37.566731754052164], [(1e-05, 10, 0, -10, 10), 1.69, [-100, 100]]]
0.45340452348535865 [[(42.459919426737414, -12.47059043709885, -10, 10), 1.4206886009596298, 1.98, (42.459919426737414, -12.47059043709885, -10, 10), -35.465401798960976], [(1e-05, 10, 0, -10, 10), 1.69, [-100, 100]]]
0.4551734374158188 [[(41.893392812978206, -10.84152149273423, -10, 10), 0.23069281221705928, 1.98, (41.893392812978206, -10.84152149273423, -10, 10), -39.36020598241666], [(1e-05, 10, 0, -10, 10), 1.69, [-100, 100]]]
0.45902587349015483 [[(-23.38652976390051, 10.108850535901992, -10, 10), 9.114823238666059, 1.98, (-23.38652976390051, 10.108850535901992, -10, 10), -38.10310413989135], [(1e-05, 10, 0, -10, 10), 1.69, [-100, 100]]]
0.4640833995402439 [[(-38.72364593093537, 12.317432218459478, -10, 10), 9.236070316889624, 1.98, (-38.72364593093537, 12.317432218459478, -10, 10), -35.052828728215665], [(1e-05, 10, 0, -10, 10), 1.69, [-100, 100]]]
0.46419984162234684 [[(-33.56732407732942, -11.49751320781538, -10, 10), 9.317370534772955, 1.98, (-33.56732407732942, -11.49751320781538, -10, 10), -34.63137345904225], [(1e-05, 10, 0, -10, 10), 1.69, [-100, 100]]]
1.4595022548843193e-05 [[(-37.335443740740295, -19.110809964881636, -10, 10), 9.544340584722768, 1.98, (48.24147357321924, 29.44028123632403, -10, 10), -30.98039817994209], [(1e-05, 10, 0, -10, 10), 1.69, [-100, 100]]]
7.106258371623802e-05 [[(-34.673375722247776, 19.726542447802075, -10, 10), 7.93154942166133, 1.98, (28.121606722903636, -25.833766023605385, -10, 10), -36.588253039918285], [(1e-05, 10, 0, -10, 10), 1.69, [-100, 100]]]
0.0003571072451908455 [[(-29.468552315543818, -24.493729873941206, -10, 10), 9.191317549019317, 1.98, (42.4648000295366, -22.768745119103894, -10, 10), -35.962687511463514], [(1e-05, 10, 0, -10, 10), 1.69, [-100, 100]]]
0.0004143579561032686 [[(-38.628624370349186, -26.49475532739117, -10, 10), 7.856371333134973, 1.98, (15.514048684224878, 15.72170877732615, -10, 10), -37.94524709690453], [(1e-05, 10, 0, -10, 10), 1.69, [-100, 100]]]
0.0006431779236652327 [[(-27.559508271201704, 17.525745911850777, -10, 10), 8.254982422926592, 1.98, (18.590555644812067, -26.72413231853843, -10, 10), -39.2390625187281], [(1e-05, 10, 0, -10, 10), 1.69, [-100, 100]]]
0.0013025256095879141 [[(-10.509197774611401, -12.378079715483747, -10, 10), 9.559384140891265, 1.98, (12.120294268889031, 16.54165064901583, -10, 10), -37.49312450185924], [(1e-05, 10, 0, -10, 10), 1.69, [-100, 100]]]
0.002715407650911102 [[(-35.5521361839781, 19.21462515562623, -10, 10), 8.331060912644348, 1.98, (10.491680068664522, -21.429076257918844, -10, 10), -38.032734132664814], [(1e-05, 10, 0, -10, 10), 1.69, [-100, 100]]]
0.0028883097705231925 [[(-14.593618886221215, -19.45827021386961, -10, 10), 9.678130766211225, 1.98, (28.39474035357801, 15.96339727189423, -10, 10), -35.29370612379382], [(1e-05, 10, 0, -10, 10), 1.69, [-100, 100]]]
0.0035687728693986564 [[(-24.103597423174406, 20.900210646775818, -10, 10), 8.29274811950235, 1.98, (18.569359034434406, 18.484538378812722, -10, 10), -38.082647750251745], [(1e-05, 10, 0, -10, 10), 1.69, [-100, 100]]]
0.003861760750712341 [[(-38.48685961514521, -26.173879041327897, -10, 10), 9.355661119199784, 1.98, (18.701428735017977, -15.970971537343704, -10, 10), -34.16210664114918], [(1e-05, 10, 0, -10, 10), 1.69, [-100, 100]]]
0.004573039919147313 [[(-17.30581467004093, -18.854395564374784, -10, 10), 8.956004645395577, 1.98, (41.827460955089435, -22.42301074055597, -10, 10), -36.30206401624935], [(1e-05, 10, 0, -10, 10), 1.69, [-100, 100]]]
0.005123613281447093 [[(-21.032740588521428, 15.469384952818842, -10, 10), 8.161491021749299, 1.98, (37.7985316309306, 34.75713259600344, -10, 10), -35.991639524549754], [(1e-05, 10, 0, -10, 10), 1.69, [-100, 100]]]
0.006460981490440894 [[(-13.72759653659379, 13.055879593394193, -10, 10), 9.89519986148889, 1.98, (15.51550626667806, 17.715186243267244, -10, 10), -31.409818462375764], [(1e-05, 10, 0, -10, 10), 1.69, [-100, 100]]]
0.007737937767270805 [[(-29.510964148712127, 26.56128793980006, -10, 10), 8.684814789584134, 1.98, (25.840255231626074, -18.13744764689389, -10, 10), -38.11945888324142], [(1e-05, 10, 0, -10, 10), 1.69, [-100, 100]]]
0.009419530671032798 [[(-36.741847535918026, 38.71136279030587, -10, 10), 7.975733039202659, 1.98, (37.250695243133904, -17.55953427936493, -10, 10), -37.101258295728655], [(1e-05, 10, 0, -10, 10), 1.69, [-100, 100]]]
0.010984654736541536 [[(-14.402917659784576, -13.60745738078779, -10, 10), 7.976233079962851, 1.98, (35.00515361963086, -28.575002938688876, -10, 10), -36.49834362077061], [(1e-05, 10, 0, -10, 10), 1.69, [-100, 100]]]
0.014812992289314207 [[(-2.4551469286188454, 13.634554945488308, -10, 10), 7.341882022963635, 1.98, (45.33428605780115, -21.695785534307564, -10, 10), -38.97739736464497], [(1e-05, 10, 0, -10, 10), 1.69, [-100, 100]]]
0.014901067614274722 [[(-24.407388135474438, 29.16086677352182, -10, 10), 9.21874445477464, 1.98, (28.374109098792577, 14.790868322443895, -10, 10), -32.98636904536576], [(1e-05, 10, 0, -10, 10), 1.69, [-100, 100]]]
0.016130253842654964 [[(-42.00670132863912, 37.80235593286767, -10, 10), 8.120813801219677, 1.98, (39.5169924219197, -22.963326075384995, -10, 10), -38.07359833479022], [(1e-05, 10, 0, -10, 10), 1.69, [-100, 100]]]
0.016916527191228565 [[(-40.0735994532288, -24.8577285702007, -10, 10), 8.596618775745672, 1.98, (17.78510727094472, -20.26721943225298, -10, 10), -37.730780827801915], [(1e-05, 10, 0, -10, 10), 1.69, [-100, 100]]]
